301 1035 0
0 23 44 69 202 110 199 4 81 65 20 154 99 150 79 25 164 17 76 83 42 218 209 4 35 148 62 34 11 71 38 68 54 113 175 144 51 13 42 134 17 188 201 161 38 188 81 38 14 7 82 120 79 69 10 27 54 16 79 35 68 141 137 181 8 180 170 127 165 44 25 49 61 57 168 38 1 92 215 206 3 3 27 1 42 178 216 190 212 30 41 6 47 158 24 194 225 177 214 24 106 215 158 141 107 188 20 64 54 126 82 136 190 92 113 185 144 8 55 21 13 96 209 165 181 209 212 21 163 164 64 98 216 140 117 85 103 127 52 65 11 40 92 65 91 92 163 82 30 14 85 151 192 89 42 11 212 143 180 117 153 119 44 99 45 96 68 188 192 137 57 102 74 82 115 24 161 202 98 225 212 188 40 139 218 197 18 1 122 98 58 132 107 199 113 1 185 65 75 3 133 42 156 17 55 99 10 126 38 30 206 185 62 59 198 216 140 48 48 141 42 40 157 212 3 10 143 71 24 89 1 57 216 42 95 23 143 20 42 134 205 223 25 148 137 170 11 14 51 54 219 103 116 17 10 221 192 161 206 96 218 40 11 34 184 66 27 40 3 112 201 76 64 75 148 21 184 107 35 163 208 20 20 76 4 79 65 42 206 137 47 150 154 188 133 218 18 91 3 191 20
23 0 66 47 180 88 177 18 58 42 42 132 76 127 57 48 141 6 54 61 20 195 187 27 58 126 40 57 11 48 16 45 76 91 153 122 28 35 20 112 6 165 178 139 61 165 58 16 8 16 59 98 57 47 13 49 31 7 57 58 45 119 115 158 14 157 147 105 143 66 3 27 38 34 146 16 21 69 192 184 25 20 49 21 65 156 194 167 190 7 18 17 69 136 1 171 202 154 191 1 83 192 136 119 85 165 42 41 31 103 59 113 167 69 91 163 122 31 78 1 10 74 187 143 158 187 190 44 140 141 41 75 194 117 95 62 81 105 30 42 34 17 69 42 68 69 140 59 7 37 62 129 170 66 65 11 190 120 157 95 130 96 66 76 68 74 45 165 170 115 79 79 51 59 92 1 139 180 75 202 190 165 62 116 195 174 41 24 99 75 35 109 85 177 91 21 163 42 52 20 110 20 133 40 78 76 13 103 16 7 184 163 40 37 175 194 117 71 71 119 20 17 134 190 25 33 120 48 47 66 24 79 194 65 72 0 120 42 65 112 182 201 3 126 115 147 11 8 28 76 197 81 93 40 13 198 170 139 184 74 195 17 11 11 161 44 49 62 25 89 178 54 41 52 126 1 161 85 58 140 185 42 42 54 27 57 42 65 184 115 69 127 132 165 110 195 4 68 25 168 3
44 66 0 113 246 154 243 48 124 109 24 198 143 194 123 18 208 61 120 127 86 262 253 40 8 192 106 10 55 115 82 112 10 157 219 188 95 31 86 178 61 232 245 205 6 232 124 82 58 51 126 164 123 113 54 17 98 59 123 8 112 185 181 225 52 223 214 171 209 0 69 93 105 100 212 82 45 136 259 250 41 47 17 45 1 222 260 233 256 74 85 49 3 202 68 238 269 221 257 68 150 259 202 185 151 232 24 107 98 170 126 180 233 136 157 229 188 35 11 65 57 140 253 209 225 253 256 23 206 208 107 141 260 184 161 129 147 171 96 109 33 83 136 109 134 136 206 126 74 30 129 195 236 133 1 55 256 187 223 161 197 163 0 143 1 140 112 232 236 181 13 146 117 126 158 68 205 246 141 269 256 232 4 182 262 240 25 42 165 141 102 175 151 243 157 45 229 109 119 47 177 86 199 27 11 143 54 170 82 74 250 229 106 103 242 260 184 4 4 185 86 83 201 256 41 34 187 115 20 133 42 13 260 1 139 66 187 24 1 178 249 267 69 192 181 214 55 58 95 10 263 147 160 27 54 264 236 205 250 140 262 83 55 78 228 110 17 4 41 156 245 120 107 119 192 65 228 151 8 206 252 24 24 120 40 123 109 1 250 181 3 194 198 232 177 262 62 134 41 235 64
69 47 113 0 133 41 130 65 11 4 89 85 30 81 10 95 95 52 7 14 27 148 140 74 105 79 7 103 58 1 31 1 123 44 106 75 18 82 27 65 52 119 132 92 107 119 11 31 55 62 13 51 10 0 59 96 16 54 10 105 1 72 68 112 61 110 100 58 96 113 44 20 8 13 99 31 68 23 146 137 72 66 96 68 112 109 147 120 143 40 28 64 116 89 45 124 156 107 144 45 37 146 89 72 38 119 89 6 16 57 13 66 120 23 44 116 75 78 124 48 57 27 140 96 112 140 143 91 93 95 6 28 147 71 48 16 34 58 17 4 81 30 23 4 21 23 93 13 40 83 16 82 123 20 112 58 143 74 110 48 83 49 113 30 115 27 1 119 123 68 126 33 4 13 45 45 92 133 28 156 143 119 109 69 148 127 88 71 52 28 11 62 38 130 44 68 116 4 6 66 64 27 86 86 124 30 59 57 31 40 137 116 7 10 129 147 71 117 117 72 27 30 88 143 72 79 74 1 93 20 71 126 147 112 25 47 74 89 112 65 136 154 44 79 68 100 58 55 18 123 150 34 47 86 59 151 123 92 137 27 148 30 58 35 115 3 96 109 72 42 132 7 6 6 79 48 115 38 105 93 139 89 89 7 74 10 4 112 137 68 116 81 85 119 64 148 51 21 72 122 49
202 180 246 133 0 92 3 198 122 137 222 48 103 52 123 228 38 185 126 119 160 16 7 206 238 54 140 236 191 132 164 134 256 89 27 58 151 215 160 68 185 14 1 41 240 14 122 164 188 195 120 82 123 133 192 229 148 187 123 238 134 61 65 21 194 23 33 75 37 246 177 153 141 146 34 164 201 110 13 4 205 199 229 201 245 24 14 13 10 173 161 197 249 44 178 8 23 25 11 178 96 13 44 61 95 14 222 139 148 76 120 66 13 110 89 17 58 211 257 181 190 106 7 37 21 7 10 223 40 38 139 105 14 62 85 117 99 75 150 137 214 163 110 137 112 110 40 120 173 216 117 51 10 113 245 191 10 59 23 85 49 83 246 103 247 106 134 14 10 65 259 100 129 120 88 178 41 0 105 23 10 14 242 64 16 6 221 204 81 105 144 71 95 3 89 201 17 137 127 199 69 160 47 219 257 103 192 76 164 173 4 17 140 143 4 14 62 250 250 61 160 163 45 10 205 212 59 132 226 113 204 259 14 245 107 180 59 222 245 68 3 21 177 54 65 33 191 188 151 256 17 99 86 219 192 18 10 41 4 106 16 163 191 168 18 136 229 242 205 91 1 126 139 127 54 181 18 95 238 40 6 222 222 126 206 123 137 245 4 65 249 52 48 14 69 16 184 112 205 11 182
110 88 154 41 92 0 89 106 30 45 130 44 11 40 31 136 54 93 34 27 68 107 99 115 146 38 48 144 99 40 72 42 164 3 65 34 59 123 68 24 93 78 91 51 148 78 30 72 96 103 28 10 31 41 100 137 57 95 31 146 42 31 27 71 102 69 59 17 55 154 85 61 49 54 58 72 109 18 105 96 113 107 137 109 153 68 106 79 102 81 69 105 157 48 86 83 115 66 103 86 4 105 48 31 3 78 130 47 57 16 28 25 79 18 3 75 34 119 165 89 98 14 99 55 71 99 102 132 52 54 47 13 106 30 7 25 7 17 58 45 122 71 18 45 20 18 52 28 81 124 25 41 82 21 153 99 102 33 69 7 42 8 154 11 156 14 42 78 82 27 167 8 37 28 4 86 51 92 13 115 102 78 150 28 107 86 129 112 11 13 52 21 3 89 3 109 75 45 35 107 23 68 45 127 165 11 100 16 72 81 96 75 48 51 88 106 30 158 158 31 68 71 47 102 113 120 33 40 134 21 112 167 106 153 16 88 33 130 153 24 95 113 85 38 27 59 99 96 59 164 109 7 6 127 100 110 82 51 96 14 107 71 99 76 74 44 137 150 113 1 91 34 47 35 38 89 74 3 146 52 98 130 130 34 115 31 45 153 96 27 157 40 44 78 23 107 92 20 113 81 91
199 177 243 130 3 89 0 195 119 134 219 45 100 49 120 225 35 182 123 116 157 18 10 204 235 51 137 233 188 129 161 132 253 86 24 55 148 212 157 65 182 11 1 38 238 11 119 161 185 192 117 79 120 130 190 226 146 184 120 235 132 58 62 18 191 20 30 72 34 243 174 150 139 143 31 161 198 107 16 7 202 197 226 198 242 21 17 10 13 170 158 194 246 41 175 6 25 23 14 175 93 16 41 58 92 11 219 136 146 74 117 64 10 107 86 14 55 208 255 178 187 103 10 34 18 10 13 221 37 35 136 102 17 59 82 115 96 72 147 134 211 160 107 134 109 107 37 117 170 214 115 48 7 110 242 188 13 57 20 82 47 81 243 100 245 103 132 11 7 62 256 98 126 117 85 175 38 3 102 25 13 11 239 61 18 3 218 201 78 102 141 68 92 0 86 198 14 134 124 197 66 157 44 216 255 100 190 74 161 170 7 14 137 140 1 17 59 247 247 58 157 160 42 13 202 209 57 129 223 110 201 256 17 242 105 177 57 219 242 65 6 24 174 51 62 30 188 185 148 253 20 96 83 216 190 21 7 38 7 103 18 160 188 165 16 133 226 239 202 88 1 123 136 124 51 178 16 92 235 37 8 219 219 123 204 120 134 242 7 62 246 49 45 11 66 18 181 109 202 8 180
4 18 48 65 198 106 195 0 76 61 24 150 95 146 75 30 160 13 72 79 38 214 205 8 40 144 58 38 7 66 34 64 58 109 171 140 47 17 38 130 13 184 197 157 42 184 76 34 10 3 78 116 75 65 6 31 49 11 75 40 64 137 133 177 4 175 165 123 161 48 21 45 57 52 164 34 3 88 211 202 7 1 31 3 47 174 212 185 208 25 37 1 51 154 20 190 221 173 209 20 102 211 154 137 103 184 24 59 49 122 78 132 185 88 109 181 140 13 59 17 8 92 205 161 177 205 208 25 158 160 59 93 212 136 113 81 99 123 48 61 16 35 88 61 86 88 158 78 25 18 81 147 188 85 47 7 208 139 175 113 148 115 48 95 49 92 64 184 188 133 61 98 69 78 110 20 157 198 93 221 208 184 44 134 214 192 23 6 117 93 54 127 103 195 109 3 181 61 71 1 129 38 151 21 59 95 6 122 34 25 202 181 58 55 194 212 136 52 52 137 38 35 153 208 7 14 139 66 28 85 6 61 212 47 91 18 139 24 47 130 201 219 21 144 133 165 7 10 47 58 215 99 112 21 6 216 188 157 202 92 214 35 7 30 180 62 31 44 7 107 197 72 59 71 144 17 180 103 40 158 204 24 24 72 8 75 61 47 202 133 51 146 150 184 129 214 14 86 7 187 16
81 58 124 11 122 30 119 76 0 16 100 74 18 69 1 106 83 64 4 3 38 137 129 85 116 68 18 115 69 10 42 13 134 33 95 64 30 93 38 54 64 107 120 81 119 107 0 42 66 74 1 40 1 11 71 107 27 65 1 116 13 61 57 100 72 99 89 47 85 124 55 31 20 24 88 42 79 11 134 126 83 78 107 79 123 98 136 109 132 51 40 75 127 78 57 113 144 96 133 57 25 134 78 61 27 107 100 17 27 45 1 55 109 11 33 105 64 89 136 59 68 16 129 85 100 129 132 102 82 83 17 17 136 59 37 4 23 47 28 16 92 41 11 16 10 11 82 1 51 95 4 71 112 8 123 69 132 62 99 37 72 38 124 18 126 16 13 107 112 57 137 21 7 1 34 57 81 122 17 144 132 107 120 58 137 116 99 82 41 17 23 51 27 119 33 79 105 16 6 78 52 38 75 98 136 18 71 45 42 51 126 105 18 21 117 136 59 129 129 61 38 41 76 132 83 91 62 10 105 8 82 137 136 123 14 58 62 100 123 54 124 143 55 68 57 89 69 66 30 134 139 23 35 98 71 140 112 81 126 16 137 41 69 47 103 14 107 120 83 31 120 4 17 6 68 59 103 27 116 82 127 100 100 4 85 1 16 123 126 57 127 69 74 107 52 137 62 10 83 110 61
65 42 109 4 137 45 134 61 16 0 85 89 34 85 14 91 99 48 11 18 23 153 144 69 100 83 3 99 54 6 27 3 119 48 110 79 14 78 23 69 48 123 136 96 103 123 16 27 51 58 17 55 14 4 55 92 11 49 14 100 3 76 72 116 57 115 105 62 100 109 40 16 4 8 103 27 64 27 150 141 68 62 92 64 107 113 151 124 147 35 24 59 112 93 41 129 160 112 148 41 41 150 93 76 42 123 85 1 11 61 17 71 124 27 48 120 79 74 120 44 52 31 144 100 116 144 147 86 98 99 1 33 151 75 52 20 38 62 13 0 76 25 27 0 25 27 98 17 35 79 20 86 127 24 107 54 147 78 115 52 88 54 109 34 110 31 3 123 127 72 122 37 8 17 49 41 96 137 33 160 147 123 105 74 153 132 83 66 57 33 7 66 42 134 48 64 120 0 10 62 68 23 91 82 120 34 55 61 27 35 141 120 3 6 133 151 75 113 113 76 23 25 92 147 68 75 78 6 89 24 66 122 151 107 30 42 78 85 107 69 140 158 40 83 72 105 54 51 14 119 154 38 51 82 55 156 127 96 141 31 153 25 54 31 119 1 92 105 68 47 136 11 1 10 83 44 119 42 100 98 143 85 85 11 69 14 0 107 141 72 112 85 89 123 68 153 47 25 68 126 45
20 42 24 89 222 130 219 24 100 85 0 174 119 170 99 6 184 37 96 103 62 238 229 16 16 168 82 14 31 91 58 88 34 133 195 164 71 7 62 154 37 208 221 181 18 208 100 58 34 27 102 140 99 89 30 7 74 35 99 16 88 161 157 201 28 199 190 147 185 24 45 69 81 76 188 58 21 112 235 226 17 23 7 21 23 198 236 209 232 49 61 25 27 178 44 214 245 197 233 44 126 235 178 161 127 208 0 83 74 146 102 156 209 112 133 205 164 11 35 41 33 116 229 185 201 229 232 1 182 184 83 117 236 160 137 105 123 147 72 85 8 59 112 85 110 112 182 102 49 6 105 171 212 109 23 31 232 163 199 137 173 139 24 119 25 116 88 208 212 157 37 122 93 102 134 44 181 222 117 245 232 208 20 158 238 216 1 18 141 117 78 151 127 219 133 21 205 85 95 23 153 62 175 3 35 119 30 146 58 49 226 205 82 79 218 236 160 28 28 161 62 59 177 232 17 10 163 91 4 109 18 37 236 23 115 42 163 0 23 154 225 243 45 168 157 190 31 34 71 34 239 123 136 3 30 240 212 181 226 116 238 59 31 54 204 86 7 20 17 132 221 96 83 95 168 41 204 127 16 182 228 0 0 96 16 99 85 23 226 157 27 170 174 208 153 238 38 110 17 211 40
154 132 198 85 48 44 45 150 74 89 174 0 55 4 75 180 10 137 78 71 112 64 55 158 190 6 92 188 143 83 116 86 208 41 21 10 103 167 112 20 137 34 47 7 192 34 74 116 140 147 72 34 75 85 144 181 100 139 75 190 86 13 17 27 146 25 16 27 11 198 129 105 93 98 14 116 153 62 61 52 157 151 181 153 197 24 62 35 58 124 113 148 201 4 130 40 71 23 59 130 48 61 4 13 47 34 174 91 100 28 72 18 35 62 41 31 10 163 209 133 141 58 55 11 27 55 58 175 8 10 91 57 62 14 37 69 51 27 102 89 165 115 62 89 64 62 8 72 124 168 69 3 38 65 197 143 58 11 25 37 1 35 198 55 199 58 86 34 38 17 211 52 81 72 40 130 7 48 57 71 58 34 194 16 64 42 173 156 33 57 96 23 47 45 41 153 31 89 79 151 21 112 1 171 209 55 144 28 116 124 52 31 92 95 44 62 14 202 202 13 112 115 3 58 157 164 11 83 178 65 156 211 62 197 59 132 11 174 197 20 51 69 129 6 17 16 143 140 103 208 65 51 38 171 144 66 38 7 52 58 64 115 143 120 30 88 181 194 157 42 47 78 91 79 6 133 30 47 190 8 54 174 174 78 158 75 89 197 52 17 201 4 0 34 21 64 136 64 157 37 134
99 76 143 30 103 11 100 95 18 34 119 55 0 51 20 124 65 82 23 16 57 119 110 103 134 49 37 133 88 28 61 31 153 14 76 45 48 112 57 35 82 89 102 62 137 89 18 61 85 92 17 21 20 30 89 126 45 83 20 134 31 42 38 82 91 81 71 28 66 143 74 49 38 42 69 61 98 7 116 107 102 96 126 98 141 79 117 91 113 69 58 93 146 59 75 95 126 78 115 75 7 116 59 42 8 89 119 35 45 27 17 37 91 7 14 86 45 107 154 78 86 3 110 66 82 110 113 120 64 65 35 1 117 41 18 14 4 28 47 34 110 59 7 34 8 7 64 17 69 113 14 52 93 10 141 88 113 44 81 18 54 20 143 0 144 3 31 89 93 38 156 3 25 17 16 75 62 103 1 126 113 89 139 40 119 98 117 100 23 1 41 33 8 100 14 98 86 34 24 96 34 57 57 116 154 0 89 27 61 69 107 86 37 40 99 117 41 147 147 42 57 59 58 113 102 109 44 28 123 10 100 156 117 141 4 76 44 119 141 35 106 124 74 49 38 71 88 85 48 153 120 4 17 116 89 122 93 62 107 3 119 59 88 65 85 33 126 139 102 13 102 23 35 24 49 78 85 8 134 64 109 119 119 23 103 20 34 141 107 38 146 51 55 89 34 119 81 8 102 92 79
150 127 194 81 52 40 49 146 69 85 170 4 51 0 71 175 14 133 74 66 107 68 59 154 185 1 88 184 139 79 112 82 204 37 25 6 99 163 107 16 133 38 51 11 188 38 69 112 136 143 68 30 71 81 140 177 96 134 71 185 82 8 13 31 141 30 20 23 16 194 124 100 89 93 18 112 148 58 65 57 153 147 177 148 192 28 66 40 62 120 109 144 197 8 126 44 75 27 64 126 44 65 8 8 42 38 170 86 96 24 68 14 40 58 37 35 6 158 205 129 137 54 59 16 31 59 62 171 13 14 86 52 66 10 33 65 47 23 98 85 161 110 58 85 59 58 13 68 120 164 65 1 42 61 192 139 62 7 30 33 3 31 194 51 195 54 82 38 42 13 206 48 76 68 35 126 11 52 52 75 62 38 190 11 68 47 168 151 28 52 92 18 42 49 37 148 35 85 75 147 17 107 6 167 205 51 140 24 112 120 57 35 88 91 48 66 10 198 198 8 107 110 7 62 153 160 7 79 174 61 151 206 66 192 55 127 7 170 192 16 55 74 124 1 13 20 139 136 99 204 69 47 34 167 140 71 42 11 57 54 68 110 139 116 34 83 177 190 153 38 51 74 86 75 1 129 34 42 185 13 58 170 170 74 154 71 85 192 57 13 197 0 4 38 17 68 132 59 153 41 130
79 57 123 10 123 31 120 75 1 14 99 75 20 71 0 105 85 62 3 4 37 139 130 83 115 69 17 113 68 8 41 11 133 34 96 65 28 92 37 55 62 109 122 82 117 109 1 41 65 72 3 41 0 10 69 106 25 64 0 115 11 62 58 102 71 100 91 48 86 123 54 30 18 23 89 41 78 13 136 127 82 76 106 78 122 99 137 110 133 49 38 74 126 79 55 115 146 98 134 55 27 136 79 62 28 109 99 16 25 47 3 57 110 13 34 106 65 88 134 58 66 17 130 86 102 130 133 100 83 85 16 18 137 61 38 6 24 48 27 14 91 40 13 14 11 13 83 3 49 93 6 72 113 10 122 68 133 64 100 38 74 40 123 20 124 17 11 109 113 58 136 23 6 3 35 55 82 123 18 146 133 109 119 59 139 117 98 81 42 18 21 52 28 120 34 78 106 14 4 76 54 37 76 96 134 20 69 47 41 49 127 106 17 20 119 137 61 127 127 62 37 40 78 133 82 89 64 8 103 10 81 136 137 122 16 57 64 99 122 55 126 144 54 69 58 91 68 65 28 133 140 24 37 96 69 141 113 82 127 17 139 40 68 45 105 13 106 119 82 33 122 3 16 4 69 58 105 28 115 83 129 99 99 3 83 0 14 122 127 58 126 71 75 109 54 139 61 11 82 112 59
25 48 18 95 228 136 225 30 106 91 6 180 124 175 105 0 190 42 102 109 68 243 235 21 10 174 88 8 37 96 64 93 28 139 201 170 76 13 68 160 42 214 226 187 13 214 106 64 40 33 107 146 105 95 35 1 79 41 105 10 93 167 163 206 34 205 195 153 191 18 51 75 86 82 194 64 27 117 240 232 23 28 1 27 17 204 242 215 238 55 66 31 21 184 49 219 250 202 239 49 132 240 184 167 133 214 6 89 79 151 107 161 215 117 139 211 170 17 30 47 38 122 235 191 206 235 238 4 188 190 89 123 242 165 143 110 129 153 78 91 14 65 117 91 116 117 188 107 55 11 110 177 218 115 17 37 238 168 205 143 178 144 18 124 20 122 93 214 218 163 31 127 99 107 140 49 187 228 123 250 238 214 14 164 243 222 7 24 147 123 83 157 133 225 139 27 211 91 100 28 158 68 181 8 30 124 35 151 64 55 232 211 88 85 223 242 165 23 23 167 68 65 182 238 23 16 168 96 1 115 24 31 242 17 120 48 168 6 17 160 231 249 51 174 163 195 37 40 76 28 245 129 141 8 35 246 218 187 232 122 243 65 37 59 209 92 1 14 23 137 226 102 89 100 174 47 209 133 10 188 233 6 6 102 21 105 91 17 232 163 21 175 180 214 158 243 44 116 23 216 45
164 141 208 95 38 54 35 160 83 99 184 10 65 14 85 190 0 147 88 81 122 54 45 168 199 16 102 198 153 93 126 96 218 51 11 20 113 177 122 30 147 24 37 3 202 24 83 126 150 157 82 44 85 95 154 191 110 148 85 199 96 23 27 17 156 16 6 37 1 208 139 115 103 107 4 126 163 72 51 42 167 161 191 163 206 14 52 25 48 134 123 158 211 6 140 30 61 13 49 140 58 51 6 23 57 24 184 100 110 38 82 28 25 72 51 21 20 173 219 143 151 68 45 1 17 45 48 185 1 0 100 66 52 24 47 79 61 37 112 99 175 124 72 99 74 72 1 82 134 178 79 13 28 75 206 153 48 21 16 47 11 45 208 65 209 68 96 24 28 27 221 62 91 82 49 140 3 38 66 61 48 24 204 25 54 33 182 165 42 66 106 33 57 35 51 163 21 99 89 161 31 122 8 181 219 65 154 38 126 134 42 21 102 105 34 52 24 212 212 23 122 124 7 48 167 174 21 93 188 75 165 221 52 206 69 141 21 184 206 30 41 59 139 16 27 6 153 150 113 218 55 61 48 181 154 57 28 3 42 68 54 124 153 130 20 98 191 204 167 52 37 88 100 89 16 143 20 57 199 1 44 184 184 88 168 85 99 206 42 27 211 14 10 24 31 54 146 74 167 27 144
17 6 61 52 185 93 182 13 64 48 37 137 82 133 62 42 147 0 59 66 25 201 192 21 52 132 45 51 6 54 21 51 71 96 158 127 34 30 25 117 0 171 184 144 55 171 64 21 3 10 65 103 62 52 7 44 37 1 62 52 51 124 120 164 8 163 153 110 148 61 8 33 44 40 151 21 16 75 198 190 20 14 44 16 59 161 199 173 195 13 24 11 64 141 7 177 208 160 197 7 89 198 141 124 91 171 37 47 37 109 65 119 173 75 96 168 127 25 72 4 4 79 192 148 164 192 195 38 146 147 47 81 199 123 100 68 86 110 35 48 28 23 75 48 74 75 146 65 13 31 68 134 175 72 59 6 195 126 163 100 136 102 61 82 62 79 51 171 175 120 74 85 57 65 98 7 144 185 81 208 195 171 57 122 201 180 35 18 105 81 41 115 91 182 96 16 168 48 58 14 116 25 139 34 72 82 7 109 21 13 190 168 45 42 181 199 123 65 65 124 25 23 140 195 20 27 126 54 41 72 18 74 199 59 78 6 126 37 59 117 188 206 8 132 120 153 6 3 34 71 202 86 99 34 7 204 175 144 190 79 201 23 6 17 167 49 44 57 20 95 184 59 47 58 132 4 167 91 52 146 191 37 37 59 21 62 48 59 190 120 64 133 137 171 116 201 1 74 20 174 3
76 54 120 7 126 34 123 72 4 11 96 78 23 74 3 102 88 59 0 7 34 141 133 81 112 72 14 110 65 6 38 8 130 37 99 68 25 89 34 58 59 112 124 85 115 112 4 38 62 69 6 44 3 7 66 103 23 61 3 112 8 65 61 105 68 103 93 51 89 120 51 27 16 20 92 38 75 16 139 130 79 74 103 75 119 102 140 113 136 47 35 71 123 82 52 117 148 100 137 52 30 139 82 65 31 112 96 13 23 49 6 59 113 16 37 109 68 85 132 55 64 20 133 89 105 133 136 98 86 88 13 21 140 64 41 8 27 51 24 11 88 37 16 11 14 16 86 6 47 91 8 75 116 13 119 65 136 66 103 41 76 42 120 23 122 20 8 112 116 61 133 25 3 6 38 52 85 126 21 148 136 112 116 62 141 120 95 78 45 21 18 55 31 123 37 75 109 11 1 74 57 34 79 93 132 23 66 49 38 47 130 109 14 17 122 140 64 124 124 65 34 37 81 136 79 86 66 6 100 13 78 133 140 119 18 54 66 96 119 58 129 147 51 72 61 93 65 62 25 130 143 27 40 93 66 144 116 85 130 20 141 37 65 42 107 10 103 116 79 35 124 0 13 1 72 55 107 31 112 86 132 96 96 0 81 3 11 119 130 61 123 74 78 112 57 141 58 14 79 115 57
83 61 127 14 119 27 116 79 3 18 103 71 16 66 4 109 81 66 7 0 41 134 126 88 119 65 21 117 72 13 45 16 137 30 92 61 33 96 41 51 66 105 117 78 122 105 3 45 69 76 1 37 4 14 74 110 30 68 4 119 16 58 54 98 75 96 86 44 82 127 58 34 23 27 85 45 82 8 132 123 86 81 110 82 126 95 133 106 129 54 42 78 130 75 59 110 141 93 130 59 23 132 75 58 24 105 103 20 30 42 1 52 106 8 30 102 61 92 139 62 71 13 126 82 98 126 129 105 79 81 20 14 133 57 34 1 20 44 31 18 95 44 8 18 7 8 79 1 54 98 1 68 109 6 126 72 129 59 96 34 69 35 127 16 129 13 16 105 109 54 140 18 10 1 31 59 78 119 14 141 129 105 123 55 134 113 102 85 38 14 25 48 24 116 30 82 102 18 8 81 49 41 72 100 139 16 74 42 45 54 123 102 21 24 115 133 57 132 132 58 41 44 74 129 86 93 59 13 107 6 85 140 133 126 11 61 59 103 126 51 122 140 58 65 54 86 72 69 33 137 136 20 33 100 74 137 109 78 123 13 134 44 72 49 100 17 110 123 86 28 117 7 20 8 65 62 100 24 119 79 124 103 103 7 88 4 18 126 123 54 130 66 71 105 49 134 65 7 86 107 64
42 20 86 27 160 68 157 38 38 23 62 112 57 107 37 68 122 25 34 41 0 175 167 47 78 106 20 76 31 28 4 25 96 71 133 102 8 55 0 92 25 146 158 119 81 146 38 4 28 35 40 78 37 27 33 69 11 27 37 78 25 99 95 139 34 137 127 85 123 86 17 7 18 14 126 4 41 49 173 164 45 40 69 41 85 136 174 147 170 13 1 37 89 116 18 151 182 134 171 18 64 173 116 99 65 146 62 21 11 83 40 93 147 49 71 143 102 51 98 21 30 54 167 123 139 167 170 64 120 122 21 55 174 98 75 42 61 85 10 23 54 3 49 23 48 49 120 40 13 57 42 109 150 47 85 31 170 100 137 75 110 76 86 57 88 54 25 146 150 95 99 59 31 40 72 18 119 160 55 182 170 146 82 96 175 154 61 44 79 55 16 89 65 157 71 41 143 23 33 40 91 0 113 59 98 57 33 83 4 13 164 143 20 17 156 174 98 91 91 99 0 3 115 170 45 52 100 28 66 47 44 99 174 85 52 20 100 62 85 92 163 181 17 106 95 127 31 28 8 96 177 61 74 59 33 178 150 119 164 54 175 3 31 8 141 24 69 82 45 69 158 34 21 33 106 21 141 65 78 120 165 62 62 34 47 37 23 85 164 95 89 107 112 146 91 175 24 48 45 148 23
218 195 262 148 16 107 18 214 137 153 238 64 119 68 139 243 54 201 141 134 175 0 8 222 253 69 156 252 206 147 180 150 272 105 42 74 167 231 175 83 201 30 17 57 256 30 137 180 204 211 136 98 139 148 208 245 164 202 139 253 150 76 81 37 209 38 48 91 52 262 192 168 157 161 49 180 216 126 3 11 221 215 245 216 260 40 1 28 6 188 177 212 264 59 194 24 7 41 4 194 112 3 59 76 110 30 238 154 164 92 136 82 28 126 105 33 74 226 273 197 205 122 8 52 37 8 6 239 55 54 154 120 1 78 100 133 115 91 165 153 229 178 126 153 127 126 55 136 188 232 133 66 25 129 260 206 6 75 38 100 65 99 262 119 263 122 150 30 25 81 274 116 144 136 103 194 57 16 120 7 6 30 257 79 0 21 236 219 96 120 160 86 110 18 105 216 33 153 143 215 85 175 62 235 273 119 208 92 180 188 11 33 156 158 20 1 78 266 266 76 175 178 61 6 221 228 75 147 242 129 219 274 1 260 123 195 75 238 260 83 13 6 192 69 81 48 206 204 167 272 1 115 102 235 208 3 25 57 11 122 0 178 206 184 34 151 245 257 221 106 17 141 154 143 69 197 34 110 253 55 10 238 238 141 222 139 153 260 11 81 264 68 64 30 85 0 199 127 221 27 198
209 187 253 140 7 99 10 205 129 144 229 55 110 59 130 235 45 192 133 126 167 8 0 214 245 61 147 243 198 139 171 141 263 96 34 65 158 222 167 75 192 21 8 48 247 21 129 171 195 202 127 89 130 140 199 236 156 194 130 245 141 68 72 28 201 30 40 82 44 253 184 160 148 153 41 171 208 117 6 3 212 206 236 208 252 31 7 20 3 180 168 204 256 51 185 16 16 33 4 185 103 6 51 68 102 21 229 146 156 83 127 74 20 117 96 24 65 218 264 188 197 113 0 44 28 0 3 231 47 45 146 112 7 69 92 124 106 82 157 144 221 170 117 144 119 117 47 127 180 223 124 58 17 120 252 198 3 66 30 92 57 91 253 110 255 113 141 21 17 72 266 107 136 127 95 185 48 7 112 16 3 21 249 71 8 13 228 211 88 112 151 78 102 10 96 208 24 144 134 206 76 167 54 226 264 110 199 83 171 180 3 24 147 150 11 7 69 257 257 68 167 170 52 3 212 219 66 139 233 120 211 266 7 252 115 187 66 229 252 75 4 14 184 61 72 40 198 195 158 263 10 106 93 226 199 11 17 48 3 113 8 170 198 175 25 143 236 249 212 98 8 133 146 134 61 188 25 102 245 47 1 229 229 133 214 130 144 252 3 72 256 59 55 21 76 8 191 119 212 18 190
4 27 40 74 206 115 204 8 85 69 16 158 103 154 83 21 168 21 81 88 47 222 214 0 31 153 66 30 16 75 42 72 49 117 180 148 55 8 47 139 21 192 205 165 34 192 85 42 18 11 86 124 83 74 14 23 58 20 83 31 72 146 141 185 13 184 174 132 170 40 30 54 65 61 173 42 6 96 219 211 1 7 23 6 38 182 221 194 216 34 45 10 42 163 28 198 229 181 218 28 110 219 163 146 112 192 16 68 58 130 86 140 194 96 117 190 148 4 51 25 17 100 214 170 185 214 216 17 167 168 68 102 221 144 122 89 107 132 57 69 7 44 96 69 95 96 167 86 34 10 89 156 197 93 38 16 216 147 184 122 157 123 40 103 41 100 72 192 197 141 52 106 78 86 119 28 165 206 102 229 216 192 35 143 222 201 14 3 126 102 62 136 112 204 117 6 190 69 79 7 137 47 160 13 51 103 14 130 42 34 211 190 66 64 202 221 144 44 44 146 47 44 161 216 1 6 147 75 20 93 3 52 221 38 99 27 147 16 38 139 209 228 30 153 141 174 16 18 55 49 223 107 120 13 14 225 197 165 211 100 222 44 16 38 188 71 23 35 1 116 205 81 68 79 153 25 188 112 31 167 212 16 16 81 0 83 69 38 211 141 42 154 158 192 137 222 23 95 1 195 24
35 58 8 105 238 146 235 40 116 100 16 190 134 185 115 10 199 52 112 119 78 253 245 31 0 184 98 1 47 106 74 103 18 148 211 180 86 23 78 170 52 223 236 197 3 223 116 74 49 42 117 156 115 105 45 8 89 51 115 0 103 177 173 216 44 215 205 163 201 8 61 85 96 92 204 74 37 127 250 242 33 38 8 37 7 214 252 225 247 65 76 41 11 194 59 229 260 212 249 59 141 250 194 177 143 223 16 99 89 161 117 171 225 127 148 221 180 27 20 57 48 132 245 201 216 245 247 14 198 199 99 133 252 175 153 120 139 163 88 100 24 75 127 100 126 127 198 117 65 21 120 187 228 124 7 47 247 178 215 153 188 154 8 134 10 132 103 223 228 173 21 137 109 117 150 59 197 238 133 260 247 223 4 174 253 232 17 34 157 133 93 167 143 235 148 37 221 100 110 38 168 78 191 18 20 134 45 161 74 65 242 221 98 95 233 252 175 13 13 177 78 75 192 247 33 25 178 106 11 124 34 21 252 7 130 58 178 16 7 170 240 259 61 184 173 205 47 49 86 18 255 139 151 18 45 256 228 197 242 132 253 75 47 69 219 102 8 4 33 147 236 112 99 110 184 57 219 143 0 198 243 16 16 112 31 115 100 7 242 173 11 185 190 223 168 253 54 126 33 226 55
148 126 192 79 54 38 51 144 68 83 168 6 49 1 69 174 16 132 72 65 106 69 61 153 184 0 86 182 137 78 110 81 202 35 27 4 98 161 106 14 132 40 52 13 187 40 68 110 134 141 66 28 69 79 139 175 95 133 69 184 81 7 11 33 140 31 21 21 17 192 123 99 88 92 20 110 147 57 66 58 151 146 175 147 191 30 68 41 64 119 107 143 195 10 124 45 76 28 65 124 42 66 10 7 41 40 168 85 95 23 66 13 41 57 35 37 4 157 204 127 136 52 61 17 33 61 64 170 14 16 85 51 68 8 31 64 45 21 96 83 160 109 57 83 58 57 14 66 119 163 64 3 44 59 191 137 64 6 31 31 4 30 192 49 194 52 81 40 44 11 205 47 75 66 34 124 13 54 51 76 64 40 188 10 69 48 167 150 27 51 91 17 41 51 35 147 37 83 74 146 16 106 7 165 204 49 139 23 110 119 58 37 86 89 49 68 8 197 197 7 106 109 8 64 151 158 6 78 173 59 150 205 68 191 54 126 6 168 191 14 57 75 123 0 11 21 137 134 98 202 71 45 33 165 139 72 44 13 58 52 69 109 137 115 35 82 175 188 151 37 52 72 85 74 0 127 35 41 184 14 59 168 168 72 153 69 83 191 58 11 195 1 6 40 16 69 130 58 151 42 129
62 40 106 7 140 48 137 58 18 3 82 92 37 88 17 88 102 45 14 21 20 156 147 66 98 86 0 96 51 8 24 6 116 51 113 82 11 75 20 72 45 126 139 99 100 126 18 24 48 55 20 58 17 7 52 89 8 47 17 98 6 79 75 119 54 117 107 65 103 106 37 13 1 6 106 24 61 30 153 144 65 59 89 61 105 116 154 127 150 33 21 57 109 96 38 132 163 115 151 38 44 153 96 79 45 126 82 1 8 64 20 74 127 30 51 123 82 71 117 41 49 34 147 103 119 147 150 83 100 102 1 35 154 78 55 23 41 65 10 3 74 23 30 3 28 30 100 20 33 76 23 89 130 27 105 51 150 81 117 55 91 57 106 37 107 34 6 126 130 75 119 40 11 20 52 38 99 140 35 163 150 126 102 76 156 134 81 64 59 35 4 69 45 137 51 61 123 3 13 59 71 20 93 79 117 37 52 64 24 33 144 123 0 3 136 154 78 110 110 79 20 23 95 150 65 72 81 8 86 27 64 119 154 105 33 40 81 82 105 72 143 161 37 86 75 107 51 48 11 116 157 41 54 79 52 158 130 99 144 34 156 23 51 28 122 4 89 102 65 49 139 14 1 13 86 41 122 45 98 100 146 82 82 14 66 17 3 105 144 75 109 88 92 126 71 156 44 28 65 129 42
34 57 10 103 236 144 233 38 115 99 14 188 133 184 113 8 198 51 110 117 76 252 243 30 1 182 96 0 45 105 72 102 20 147 209 178 85 21 76 168 51 222 235 195 4 222 115 72 48 41 116 154 113 103 44 7 88 49 113 1 102 175 171 215 42 214 204 161 199 10 59 83 95 91 202 72 35 126 249 240 31 37 7 35 8 212 250 223 246 64 75 40 13 192 58 228 259 211 247 58 140 249 192 175 141 222 14 98 88 160 116 170 223 126 147 219 178 25 21 55 47 130 243 199 215 243 246 13 197 198 98 132 250 174 151 119 137 161 86 99 23 74 126 99 124 126 197 116 64 20 119 185 226 123 8 45 246 177 214 151 187 153 10 133 11 130 102 222 226 171 23 136 107 116 148 58 195 236 132 259 246 222 6 173 252 231 16 33 156 132 92 165 141 233 147 35 219 99 109 37 167 76 190 17 21 133 44 160 72 64 240 219 96 93 232 250 174 14 14 175 76 74 191 246 31 24 177 105 10 123 33 23 250 8 129 57 177 14 8 168 239 257 59 182 171 204 45 48 85 20 253 137 150 17 44 255 226 195 240 130 252 74 45 68 218 100 7 6 31 146 235 110 98 109 182 55 218 141 1 197 242 14 14 110 30 113 99 8 240 171 13 184 188 222 167 252 52 124 31 225 54
11 11 55 58 191 99 188 7 69 54 31 143 88 139 68 37 153 6 65 72 31 206 198 16 47 137 51 45 0 59 27 57 65 102 164 133 40 24 31 123 6 177 190 150 49 177 69 27 3 4 71 109 68 58 1 38 42 4 68 47 57 130 126 170 3 168 158 116 154 55 14 38 49 45 157 27 10 81 204 195 14 8 38 10 54 167 205 178 201 18 30 6 58 147 13 182 214 165 202 13 95 204 147 130 96 177 31 52 42 115 71 124 178 81 102 174 133 20 66 10 1 85 198 154 170 198 201 33 151 153 52 86 205 129 106 74 92 116 41 54 23 28 81 54 79 81 151 71 18 25 74 140 181 78 54 0 201 132 168 106 141 107 55 88 57 85 57 177 181 126 68 91 62 71 103 13 150 191 86 214 201 177 51 127 206 185 30 13 110 86 47 120 96 188 102 10 174 54 64 8 122 31 144 28 66 88 1 115 27 18 195 174 51 48 187 205 129 59 59 130 31 28 146 201 14 21 132 59 35 78 13 68 205 54 83 11 132 31 54 123 194 212 14 137 126 158 0 3 40 65 208 92 105 28 1 209 181 150 195 85 206 28 0 23 173 55 38 51 14 100 190 65 52 64 137 10 173 96 47 151 197 31 31 65 16 68 54 54 195 126 58 139 143 177 122 206 7 79 14 180 8
71 48 115 1 132 40 129 66 10 6 91 83 28 79 8 96 93 54 6 13 28 147 139 75 106 78 8 105 59 0 33 3 124 42 105 74 20 83 28 64 54 117 130 91 109 117 10 33 57 64 11 49 8 1 61 98 17 55 8 106 3 71 66 110 62 109 99 57 95 115 45 21 10 14 98 33 69 21 144 136 74 68 98 69 113 107 146 119 141 41 30 65 117 88 47 123 154 106 143 47 35 144 88 71 37 117 91 7 17 55 11 65 119 21 42 115 74 79 126 49 58 25 139 95 110 139 141 92 92 93 7 27 146 69 47 14 33 57 18 6 82 31 21 6 20 21 92 11 41 85 14 81 122 18 113 59 141 72 109 47 82 48 115 28 116 25 3 117 122 66 127 31 3 11 44 47 91 132 27 154 141 117 110 68 147 126 89 72 51 27 13 61 37 129 42 69 115 6 4 68 62 28 85 88 126 28 61 55 33 41 136 115 8 11 127 146 69 119 119 71 28 31 86 141 74 81 72 0 95 18 72 127 146 113 24 48 72 91 113 64 134 153 45 78 66 99 59 57 20 124 148 33 45 88 61 150 122 91 136 25 147 31 59 37 113 4 98 110 74 41 130 6 7 4 78 49 113 37 106 92 137 91 91 6 75 8 6 113 136 66 117 79 83 117 62 147 52 20 74 120 51
38 16 82 31 164 72 161 34 42 27 58 116 61 112 41 64 126 21 38 45 4 180 171 42 74 110 24 72 27 33 0 30 92 75 137 106 13 51 4 96 21 150 163 123 76 150 42 0 24 31 44 82 41 31 28 65 16 23 41 74 30 103 99 143 30 141 132 89 127 82 13 11 23 18 130 0 37 54 177 168 41 35 65 37 81 140 178 151 174 8 3 33 85 120 14 156 187 139 175 14 68 177 120 103 69 150 58 25 16 88 44 98 151 54 75 147 106 47 93 17 25 58 171 127 143 171 174 59 124 126 25 59 178 102 79 47 65 89 14 27 49 1 54 27 52 54 124 44 8 52 47 113 154 51 81 27 174 105 141 79 115 81 82 61 83 58 30 150 154 99 95 64 35 44 76 14 123 164 59 187 174 150 78 100 180 158 57 40 83 59 20 93 69 161 75 37 147 27 37 35 95 4 117 55 93 61 28 88 0 8 168 147 24 21 160 178 102 86 86 103 4 1 119 174 41 48 105 33 62 51 40 95 178 81 57 16 105 58 81 96 167 185 13 110 99 132 27 24 13 92 181 65 78 55 28 182 154 123 168 58 180 1 27 4 146 28 65 78 41 74 163 38 25 37 110 17 146 69 74 124 170 58 58 38 42 41 27 81 168 99 85 112 116 150 95 180 20 52 41 153 18
68 45 112 1 134 42 132 64 13 3 88 86 31 82 11 93 96 51 8 16 25 150 141 72 103 81 6 102 57 3 30 0 122 45 107 76 17 81 25 66 51 120 133 93 106 120 13 30 54 61 14 52 11 1 58 95 14 52 11 103 0 74 69 113 59 112 102 59 98 112 42 18 7 11 100 30 66 24 147 139 71 65 95 66 110 110 148 122 144 38 27 62 115 91 44 126 157 109 146 44 38 147 91 74 40 120 88 4 14 58 14 68 122 24 45 117 76 76 123 47 55 28 141 98 113 141 144 89 95 96 4 30 148 72 49 17 35 59 16 3 79 28 24 3 23 24 95 14 38 82 17 83 124 21 110 57 144 75 112 49 85 51 112 31 113 28 0 120 124 69 124 34 6 14 47 44 93 134 30 157 144 120 107 71 150 129 86 69 54 30 10 64 40 132 45 66 117 3 7 65 65 25 88 85 123 31 58 58 30 38 139 117 6 8 130 148 72 116 116 74 25 28 89 144 71 78 75 3 92 21 69 124 148 110 27 45 75 88 110 66 137 156 42 81 69 102 57 54 17 122 151 35 48 85 58 153 124 93 139 28 150 28 57 34 116 1 95 107 71 44 133 8 4 7 81 47 116 40 103 95 140 88 88 8 72 11 3 110 139 69 115 82 86 120 65 150 49 23 71 123 48
54 76 10 123 256 164 253 58 134 119 34 208 153 204 133 28 218 71 130 137 96 272 263 49 18 202 116 20 65 124 92 122 0 167 229 198 105 41 96 188 71 242 255 215 16 242 134 92 68 61 136 174 133 123 64 27 107 69 133 18 122 195 191 235 62 233 223 181 219 10 79 103 115 110 222 92 55 146 269 260 51 57 27 55 11 232 270 243 266 83 95 59 7 212 78 247 279 231 267 78 160 269 212 195 161 242 34 117 107 180 136 190 243 146 167 239 198 45 1 75 66 150 263 219 235 263 266 33 216 218 117 151 270 194 171 139 157 181 106 119 42 93 146 119 144 146 216 136 83 40 139 205 246 143 11 65 266 197 233 171 206 173 10 153 8 150 122 242 246 191 3 156 127 136 168 78 215 256 151 279 266 242 14 192 272 250 35 52 175 151 112 185 161 253 167 55 239 119 129 57 187 96 209 37 1 153 64 180 92 83 260 239 116 113 252 270 194 6 6 195 96 93 211 266 51 44 197 124 30 143 52 3 270 11 148 76 197 34 11 188 259 277 79 202 191 223 65 68 105 0 273 157 170 37 64 274 246 215 260 150 272 93 65 88 238 120 27 14 51 165 255 130 117 129 202 75 238 161 18 216 262 34 34 130 49 133 119 11 260 191 7 204 208 242 187 272 72 144 51 245 74
113 91 157 44 89 3 86 109 33 48 133 41 14 37 34 139 51 96 37 30 71 105 96 117 148 35 51 147 102 42 75 45 167 0 62 31 62 126 71 21 96 75 88 48 151 75 33 75 99 106 31 7 34 44 103 140 59 98 34 148 45 28 24 68 105 66 57 14 52 157 88 64 52 57 55 75 112 21 102 93 116 110 140 112 156 65 103 76 99 83 72 107 160 45 89 81 112 64 100 89 7 102 45 28 6 75 133 49 59 13 31 23 76 21 0 72 31 122 168 92 100 17 96 52 68 96 99 134 49 51 49 16 103 27 4 28 10 14 61 48 124 74 21 48 23 21 49 31 83 127 28 38 79 24 156 102 99 30 66 4 40 6 157 14 158 17 45 75 79 24 170 11 40 31 1 89 48 89 16 112 99 75 153 25 105 83 132 115 8 16 55 18 6 86 0 112 72 48 38 110 20 71 42 130 168 14 103 13 75 83 93 72 51 54 85 103 27 161 161 28 71 74 44 99 116 123 30 42 137 24 115 170 103 156 18 91 30 133 156 21 92 110 88 35 24 57 102 99 62 167 106 10 3 130 103 107 79 48 93 17 105 74 102 79 71 47 140 153 116 1 88 37 49 38 35 92 71 6 148 49 95 133 133 37 117 34 48 156 93 24 160 37 41 75 20 105 95 23 116 78 93
175 153 219 106 27 65 24 171 95 110 195 21 76 25 96 201 11 158 99 92 133 42 34 180 211 27 113 209 164 105 137 107 229 62 0 31 124 188 133 41 158 13 25 14 214 13 95 137 161 168 93 55 96 106 165 202 122 160 96 211 107 34 38 6 167 4 6 48 10 219 150 126 115 119 7 137 174 83 40 31 178 173 202 174 218 3 41 14 37 146 134 170 222 17 151 18 49 1 38 151 69 40 17 34 68 13 195 112 122 49 93 40 14 83 62 10 31 184 231 154 163 79 34 10 6 34 37 197 13 11 112 78 41 35 58 91 72 48 123 110 187 136 83 110 85 83 13 93 146 190 91 24 17 86 218 164 37 33 4 58 23 57 219 76 221 79 107 13 17 38 232 74 102 93 61 151 14 27 78 49 37 13 215 37 42 21 194 177 54 78 117 44 68 24 62 174 10 110 100 173 42 133 20 192 231 76 165 49 137 146 31 10 113 116 23 41 35 223 223 34 133 136 18 37 178 185 33 105 199 86 177 232 41 218 81 153 33 195 218 41 30 48 150 27 38 6 164 161 124 229 44 72 59 192 165 45 17 14 31 79 42 136 164 141 8 109 202 215 178 64 25 99 112 100 27 154 8 68 211 13 33 195 195 99 180 96 110 218 31 38 222 25 21 13 42 42 157 85 178 16 156
144 122 188 75 58 34 55 140 64 79 164 10 45 6 65 170 20 127 68 61 102 74 65 148 180 4 82 178 133 74 106 76 198 31 31 0 93 157 102 10 127 44 57 17 182 44 64 106 130 137 62 24 65 75 134 171 91 129 65 180 76 3 7 37 136 35 25 17 21 188 119 95 83 88 24 106 143 52 71 62 147 141 171 143 187 34 72 45 68 115 103 139 191 14 120 49 81 33 69 120 38 71 14 3 37 44 164 81 91 18 62 8 45 52 31 41 0 153 199 123 132 48 65 21 37 65 68 165 18 20 81 47 72 4 27 59 41 17 92 79 156 105 52 79 54 52 18 62 115 158 59 7 48 55 187 133 68 1 35 27 8 25 188 45 190 48 76 44 48 7 201 42 71 62 30 120 17 58 47 81 68 44 184 6 74 52 163 146 23 47 86 13 37 55 31 143 41 79 69 141 11 102 11 161 199 45 134 18 106 115 62 41 82 85 54 72 4 192 192 3 102 105 13 68 147 154 1 74 168 55 146 201 72 187 49 122 1 164 187 10 61 79 119 4 7 25 133 130 93 198 75 41 28 161 134 76 48 17 62 48 74 105 133 110 40 78 171 184 147 33 57 68 81 69 4 123 40 37 180 18 64 164 164 68 148 65 79 187 62 7 191 6 10 44 11 74 126 54 147 47 124
51 28 95 18 151 59 148 47 30 14 71 103 48 99 28 76 113 34 25 33 8 167 158 55 86 98 11 85 40 20 13 17 105 62 124 93 0 64 8 83 34 137 150 110 89 137 30 13 37 44 31 69 28 18 41 78 3 35 28 86 17 91 86 130 42 129 119 76 115 95 25 1 10 6 117 13 49 41 164 156 54 48 78 49 93 127 165 139 161 21 10 45 98 107 27 143 174 126 163 27 55 164 107 91 57 137 71 13 3 75 31 85 139 41 62 134 93 59 106 30 38 45 158 115 130 158 161 72 112 113 13 47 165 89 66 34 52 76 1 14 62 11 41 14 40 41 112 31 21 65 34 100 141 38 93 40 161 92 129 66 102 68 95 48 96 45 17 137 141 86 107 51 23 31 64 27 110 151 47 174 161 137 91 88 167 146 69 52 71 47 7 81 57 148 62 49 134 14 24 48 82 8 105 68 106 48 41 75 13 21 156 134 11 8 147 165 89 99 99 91 8 11 106 161 54 61 92 20 75 38 52 107 165 93 44 28 92 71 93 83 154 173 25 98 86 119 40 37 0 105 168 52 65 68 41 170 141 110 156 45 167 11 40 17 133 16 78 91 54 61 150 25 13 24 98 30 133 57 86 112 157 71 71 25 55 28 14 93 156 86 98 99 103 137 82 167 33 40 54 140 31
13 35 31 82 215 123 212 17 93 78 7 167 112 163 92 13 177 30 89 96 55 231 222 8 23 161 75 21 24 83 51 81 41 126 188 157 64 0 55 147 30 201 214 174 25 201 93 51 27 20 95 133 92 82 23 14 66 28 92 23 81 154 150 194 21 192 182 140 178 31 38 62 74 69 181 51 14 105 228 219 10 16 14 14 30 191 229 202 225 42 54 18 34 171 37 206 238 190 226 37 119 228 171 154 120 201 7 76 66 139 95 148 202 105 126 198 157 4 42 34 25 109 222 178 194 222 225 8 175 177 76 110 229 153 130 98 116 140 65 78 1 52 105 78 103 105 175 95 42 1 98 164 205 102 30 24 225 156 192 130 165 132 31 112 33 109 81 201 205 150 44 115 86 95 127 37 174 215 110 238 225 201 27 151 231 209 6 11 134 110 71 144 120 212 126 14 198 78 88 16 146 55 168 4 42 112 23 139 51 42 219 198 75 72 211 229 153 35 35 154 55 52 170 225 10 3 156 83 11 102 11 44 229 30 107 35 156 7 30 147 218 236 38 161 150 182 24 27 64 41 232 116 129 4 23 233 205 174 219 109 231 52 24 47 197 79 14 27 10 124 214 89 76 88 161 34 197 120 23 175 221 7 7 89 8 92 78 30 219 150 34 163 167 201 146 231 31 103 10 204 33
42 20 86 27 160 68 157 38 38 23 62 112 57 107 37 68 122 25 34 41 0 175 167 47 78 106 20 76 31 28 4 25 96 71 133 102 8 55 0 92 25 146 158 119 81 146 38 4 28 35 40 78 37 27 33 69 11 27 37 78 25 99 95 139 34 137 127 85 123 86 17 7 18 14 126 4 41 49 173 164 45 40 69 41 85 136 174 147 170 13 1 37 89 116 18 151 182 134 171 18 64 173 116 99 65 146 62 21 11 83 40 93 147 49 71 143 102 51 98 21 30 54 167 123 139 167 170 64 120 122 21 55 174 98 75 42 61 85 10 23 54 3 49 23 48 49 120 40 13 57 42 109 150 47 85 31 170 100 137 75 110 76 86 57 88 54 25 146 150 95 99 59 31 40 72 18 119 160 55 182 170 146 82 96 175 154 61 44 79 55 16 89 65 157 71 41 143 23 33 40 91 0 113 59 98 57 33 83 4 13 164 143 20 17 156 174 98 91 91 99 0 3 115 170 45 52 100 28 66 47 44 99 174 85 52 20 100 62 85 92 163 181 17 106 95 127 31 28 8 96 177 61 74 59 33 178 150 119 164 54 175 3 31 8 141 24 69 82 45 69 158 34 21 33 106 21 141 65 78 120 165 62 62 34 47 37 23 85 164 95 89 107 112 146 91 175 24 48 45 148 23
