8
0 0 757 206 394 208 977 448
0 0 757 206 394 208 977 448
757 757 0 554 478 703 516 888
206 206 554 0 224 204 792 470
394 394 478 224 0 250 584 413
208 208 703 204 250 0 817 272
977 977 516 792 584 817 0 845
448 448 888 470 413 272 845 0
0 1
2 3
4 5
6 7