6
0 0 684 790 540 475
0 0 684 790 540 475
684 684 0 828 178 619
790 790 828 0 683 323
540 540 178 683 0 447
475 475 619 323 447 0
0 1
2 3
4 5