6
0 0 697 631 861 458
0 0 697 631 861 458
697 697 0 230 478 259
631 631 230 0 297 192
861 861 478 297 0 477
458 458 259 192 477 0
0 1
2 3
4 5