6
0 0 431 911 888 739
0 0 431 911 888 739
431 431 0 566 565 329
911 911 566 0 883 287
888 888 565 883 0 609
739 739 329 287 609 0
0 1
2 3
4 5