8
0 0 262 622 735 466 254 905
0 0 262 622 735 466 254 905
262 262 0 381 866 207 237 794
622 622 381 0 992 194 445 579
735 735 866 992 0 972 633 762
466 466 207 194 972 0 356 716
254 254 237 445 633 356 0 651
905 905 794 579 762 716 651 0
0 1
2 3
4 5
6 7