8
0 0 547 848 954 783 817 396
0 0 547 848 954 783 817 396
547 547 0 597 869 712 320 845
848 848 597 0 327 254 429 886
954 954 869 327 0 175 752 847
783 783 712 254 175 0 640 712
817 817 320 429 752 640 0 1032
396 396 845 886 847 712 1032 0
0 1
2 3
4 5
6 7