6
0 0 341 144 331 304
0 0 341 144 331 304
341 341 0 452 503 639
144 144 452 0 435 262
331 331 503 435 0 360
304 304 639 262 360 0
0 1
2 3
4 5