8
0 0 447 447 584 690 484 357
0 0 447 447 584 690 484 357
447 447 0 582 380 328 377 175
447 447 582 0 381 909 839 630
584 584 380 381 0 676 746 523
690 690 328 909 676 0 322 334
484 484 377 839 746 322 0 226
357 357 175 630 523 334 226 0
0 1
2 3
4 5
6 7