6
0 0 177 358 190 518
0 0 177 358 190 518
177 177 0 334 366 350
358 358 334 0 453 585
190 190 366 453 0 706
518 518 350 585 706 0
0 1
2 3
4 5