6
0 0 387 479 384 480
0 0 387 479 384 480
387 387 0 714 271 793
479 479 714 0 499 178
384 384 271 499 0 619
480 480 793 178 619 0
0 1
2 3
4 5