8
0 0 789 703 225 416 634 315
0 0 789 703 225 416 634 315
789 789 0 134 861 379 577 797
703 703 134 0 804 288 611 759
225 225 861 804 0 529 538 133
416 416 379 288 529 0 505 506
634 634 577 611 538 505 0 411
315 315 797 759 133 506 411 0
0 1
2 3
4 5
6 7