6
0 0 746 670 393 1014
0 0 746 670 393 1014
746 746 0 719 732 696
670 670 719 0 297 426
393 393 732 297 0 699
1014 1014 696 426 699 0
0 1
2 3
4 5