6
0 0 594 318 316 99
0 0 594 318 316 99
594 594 0 591 448 532
318 318 591 0 143 378
316 316 448 143 0 339
99 99 532 378 339 0
0 1
2 3
4 5