6
0 0 619 736 822 144
0 0 619 736 822 144
619 619 0 149 341 628
736 736 149 0 410 723
822 822 341 410 0 880
144 144 628 723 880 0
0 1
2 3
4 5