6
0 0 448 254 723 795
0 0 448 254 723 795
448 448 0 395 276 363
254 254 395 0 641 752
723 723 276 641 0 148
795 795 363 752 148 0
0 1
2 3
4 5