9 3 0
0 58 23 4 20 24 4 37 28
58 0 35 62 38 34 62 95 86
23 35 0 27 3 1 27 59 51
4 62 27 0 24 28 0 33 24
20 38 3 24 0 4 24 57 48
24 34 1 28 4 0 28 61 52
4 62 27 0 24 28 0 33 24
37 95 59 33 57 61 33 0 8
28 86 51 24 48 52 24 8 0
1 2 3 0 500 300 1312
3 4 3 0 400 300 822
5 6 3 0 200 0 1128
7 8 3 0 100 300 822
