8
0 0 1270 906 1024 726 1206 1262
0 0 0 0 0 0 0 0
1270 0 0 518 327 962 219 505
906 0 518 0 349 501 400 369
1024 0 327 349 0 727 184 525
726 0 962 501 727 0 783 907
1206 0 219 400 184 783 0 591
1262 0 505 369 525 907 591 0
0 1
2 3
4 5
6 7