21 28 0
0 58 23 4 20 24 4 37 28 0 31 31 31 37 31 27 31 3 35 23 24
58 0 35 62 38 34 62 95 86 58 89 27 89 95 89 85 89 61 93 35 34
23 35 0 27 3 1 27 59 51 23 54 8 54 59 54 49 54 25 58 0 1
4 62 27 0 24 28 0 33 24 4 27 35 27 33 27 23 27 1 31 27 28
20 38 3 24 0 4 24 57 48 20 51 11 51 57 51 47 51 23 55 3 4
24 34 1 28 4 0 28 61 52 24 55 7 55 61 55 51 55 27 59 1 0
4 62 27 0 24 28 0 33 24 4 27 35 27 33 27 23 27 1 31 27 28
37 95 59 33 57 61 33 0 8 37 6 68 6 0 6 10 6 34 1 59 61
28 86 51 24 48 52 24 8 0 28 3 59 3 8 3 1 3 25 7 51 52
0 58 23 4 20 24 4 37 28 0 31 31 31 37 31 27 31 3 35 23 24
31 89 54 27 51 55 27 6 3 31 0 62 0 6 0 4 0 28 4 54 55
31 27 8 35 11 7 35 68 59 31 62 0 62 68 62 58 62 34 66 8 7
31 89 54 27 51 55 27 6 3 31 0 62 0 6 0 4 0 28 4 54 55
37 95 59 33 57 61 33 0 8 37 6 68 6 0 6 10 6 34 1 59 61
31 89 54 27 51 55 27 6 3 31 0 62 0 6 0 4 0 28 4 54 55
27 85 49 23 47 51 23 10 1 27 4 58 4 10 4 0 4 24 8 49 51
31 89 54 27 51 55 27 6 3 31 0 62 0 6 0 4 0 28 4 54 55
3 61 25 1 23 27 1 34 25 3 28 34 28 34 28 24 28 0 33 25 27
35 93 58 31 55 59 31 1 7 35 4 66 4 1 4 8 4 33 0 58 59
23 35 0 27 3 1 27 59 51 23 54 8 54 59 54 49 54 25 58 0 1
24 34 1 28 4 0 28 61 52 24 55 7 55 61 55 51 55 27 59 1 0
1 2 3 33 273 872 1312
3 4 1 0 159 502 822
5 6 6 309 669 848 1128
7 8 1 418 778 601 841
9 10 1 23 423 462 982
11 12 2 97 577 656 1176
13 14 9 0 307 678 958
15 16 6 243 643 255 495
17 18 3 263 743 763 1163
19 20 4 581 901 814 1134