281 966 0
0 23 20 69 117 110 75 4 79 65 225 154 7 150 137 25 37 17 40 83 188 218 20 4 180 148 91 34 157 71 86 68 44 113 202 144 199 13 81 134 20 188 99 161 79 188 164 38 76 7 42 120 209 69 35 27 62 16 11 35 38 141 54 181 175 180 51 127 42 44 17 49 201 57 38 38 81 92 14 206 82 3 79 1 10 178 54 190 79 30 68 6 137 158 8 194 170 177 165 24 25 215 61 141 168 188 1 64 215 126 3 136 27 92 42 185 216 8 212 21 41 96 47 165 24 209 225 21 214 164 106 98 158 140 107 85 20 127 54 65 82 40 190 65 113 92 144 82 55 14 13 151 209 89 181 11 212 143 163 117 64 119 216 99 117 96 103 188 52 137 11 102 92 82 91 24 163 202 30 225 85 188 192 139 42 197 212 1 180 98 153 132 44 199 45 1 68 65 192 3 57 42 74 17 115 99 161 126 98 30 212 185 40 59 218 216 18 48 122 141 58 40 107 212 113 10 185 71 75 89 133 57 156 42 55 23 10 20 38 134 206 223 62 148 198 170 140 14 48 54 42 103 157 17 3 221 143 161 24 96 1 40 216 34 95 66 143 40 42 112 205 76 25 75 137 21 11 107 51 163 219
23 0 42 47 95 88 52 18 57 42 202 132 30 127 115 48 59 6 17 61 165 195 42 27 157 126 68 57 134 48 64 45 66 91 180 122 177 35 58 112 42 165 76 139 57 165 141 16 54 16 20 98 187 47 58 49 40 7 11 58 16 119 76 158 153 157 28 105 20 66 6 27 178 34 61 16 58 69 8 184 59 20 57 21 13 156 31 167 57 7 45 17 115 136 14 171 147 154 143 1 3 192 38 119 146 165 21 41 192 103 25 113 49 69 65 163 194 31 190 1 18 74 69 143 1 187 202 44 191 141 83 75 136 117 85 62 42 105 31 42 59 17 167 42 91 69 122 59 78 37 10 129 187 66 158 11 190 120 140 95 41 96 194 76 95 74 81 165 30 115 34 79 69 59 68 1 140 180 7 202 62 165 170 116 65 174 190 24 157 75 130 109 66 177 68 21 45 42 170 20 79 20 51 40 92 76 139 103 75 7 190 163 62 37 195 194 41 71 99 119 35 17 85 190 91 33 163 48 52 66 110 79 133 65 78 0 13 42 16 112 184 201 40 126 175 147 117 8 71 76 20 81 134 40 25 198 120 139 47 74 24 17 194 11 72 44 120 62 65 89 182 54 3 52 115 1 11 85 28 140 197
20 42 0 89 137 130 95 24 99 85 245 174 13 170 157 6 17 37 59 103 208 238 0 16 199 168 110 14 177 91 106 88 24 133 222 164 219 7 100 154 0 208 119 181 99 208 184 58 96 27 62 140 229 89 16 7 82 35 31 16 58 161 34 201 195 199 71 147 62 24 37 69 221 76 18 58 100 112 34 226 102 23 99 21 30 198 74 209 99 49 88 25 157 178 28 214 190 197 185 44 45 235 81 161 188 208 21 83 235 146 17 156 7 112 23 205 236 11 232 41 61 116 27 185 44 229 245 1 233 184 126 117 178 160 127 105 0 147 74 85 102 59 209 85 133 112 164 102 35 6 33 171 229 109 201 31 232 163 182 137 83 139 236 119 137 116 123 208 72 157 8 122 112 102 110 44 182 222 49 245 105 208 212 158 23 216 232 18 199 117 173 151 24 219 25 21 88 85 212 23 37 62 93 3 134 119 181 146 117 49 232 205 20 79 238 236 1 28 141 161 78 59 127 232 133 10 205 91 95 109 153 37 175 23 35 42 30 0 58 154 226 243 82 168 218 190 160 34 28 34 62 123 177 3 17 240 163 181 4 116 18 59 236 54 115 86 163 20 23 132 225 96 45 95 157 41 31 127 71 182 239
69 47 89 0 48 41 6 65 10 4 156 85 76 81 68 95 106 52 30 14 119 148 89 74 110 79 21 103 88 1 17 1 113 44 133 75 130 82 11 65 89 119 30 92 10 119 95 31 7 62 27 51 140 0 105 96 7 54 58 105 31 72 123 112 106 110 18 58 27 113 52 20 132 13 107 31 11 23 55 137 13 66 10 68 59 109 16 120 10 40 1 64 68 89 61 124 100 107 96 45 44 146 8 72 99 119 68 6 146 57 72 66 96 23 112 116 147 78 143 48 28 27 116 96 45 140 156 91 144 95 37 28 89 71 38 16 89 58 16 4 13 30 120 4 44 23 75 13 124 83 57 82 140 20 112 58 143 74 93 48 6 49 147 30 48 27 34 119 17 68 81 33 23 13 21 45 93 133 40 156 16 119 123 69 112 127 143 71 110 28 83 62 113 130 115 68 1 4 123 66 126 27 4 86 45 30 92 57 28 40 143 116 109 10 148 147 88 117 52 72 11 30 38 143 44 79 116 1 6 20 64 126 86 112 124 47 59 89 31 65 137 154 7 79 129 100 71 55 117 123 27 34 88 86 72 151 74 92 93 27 71 30 147 35 25 3 74 109 112 42 136 7 44 6 68 48 58 38 18 93 150
117 95 137 48 0 7 42 113 38 52 107 37 124 33 20 143 154 100 78 34 71 100 137 122 62 31 27 151 40 47 31 49 161 4 85 27 82 130 37 17 137 71 18 44 38 71 47 79 41 110 75 3 92 48 153 144 55 102 106 153 79 24 171 64 58 62 66 10 75 161 100 68 83 61 156 79 37 25 103 89 35 115 38 116 107 61 64 72 38 88 49 112 20 41 109 76 52 59 48 93 92 98 57 24 51 71 116 54 98 8 120 18 144 25 160 68 99 126 95 96 76 21 164 48 93 92 107 139 96 47 11 20 41 23 10 33 137 10 64 52 35 78 72 52 4 25 27 35 173 132 105 34 92 28 64 106 95 25 45 0 54 1 99 18 0 21 14 71 65 20 129 16 25 35 27 93 45 85 88 107 33 71 75 21 160 79 95 119 62 20 35 14 161 82 163 116 49 52 75 115 174 75 44 134 3 18 44 8 20 88 95 68 157 58 100 99 136 165 4 24 59 78 10 95 4 127 68 47 42 28 16 174 38 160 173 95 107 137 79 17 89 106 55 31 81 52 23 103 165 171 75 14 40 134 120 103 25 44 141 21 119 78 99 83 23 51 25 157 160 6 88 41 92 42 20 96 106 10 66 45 102
110 88 130 41 7 0 35 106 31 45 115 44 117 40 27 136 147 93 71 27 78 107 130 115 69 38 20 144 47 40 24 42 154 3 92 34 89 123 30 24 130 78 11 51 31 78 54 72 34 103 68 10 99 41 146 137 48 95 99 146 72 31 164 71 65 69 59 17 68 154 93 61 91 54 148 72 30 18 96 96 28 107 31 109 100 68 57 79 31 81 42 105 27 48 102 83 59 66 55 86 85 105 49 31 58 78 109 47 105 16 113 25 137 18 153 75 106 119 102 89 69 14 157 55 86 99 115 132 103 54 4 13 48 30 3 25 130 17 57 45 28 71 79 45 3 18 34 28 165 124 98 41 99 21 71 99 102 33 52 7 47 8 106 11 7 14 7 78 58 27 122 8 18 28 20 86 52 92 81 115 25 78 82 28 153 86 102 112 69 13 42 21 154 89 156 109 42 45 82 107 167 68 37 127 4 11 51 16 13 81 102 75 150 51 107 106 129 158 11 31 52 71 3 102 3 120 75 40 35 21 23 167 45 153 165 88 100 130 72 24 96 113 48 38 88 59 30 96 158 164 68 7 47 127 113 110 33 51 134 14 112 71 106 76 16 44 33 150 153 1 95 34 85 35 27 89 99 3 59 52 109
75 52 95 6 42 35 0 71 4 10 150 79 82 75 62 100 112 58 35 8 113 143 95 79 105 74 16 109 82 4 11 7 119 38 127 69 124 88 6 59 95 113 24 86 4 113 89 37 1 68 33 45 134 6 110 102 13 59 64 110 37 66 129 106 100 105 24 52 33 119 58 25 126 18 113 37 6 17 61 132 7 72 4 74 65 103 21 115 4 45 7 69 62 83 66 119 95 102 91 51 49 140 14 66 93 113 74 11 140 51 78 61 102 17 117 110 141 83 137 54 34 21 122 91 51 134 150 96 139 89 31 23 83 65 33 10 95 52 21 10 7 35 115 10 38 17 69 7 130 89 62 76 134 14 106 64 137 68 88 42 11 44 141 24 42 21 28 113 23 62 86 27 17 7 16 51 88 127 45 150 10 113 117 64 117 122 137 76 105 23 78 57 119 124 120 74 7 10 117 72 132 33 1 92 40 24 86 51 23 45 137 110 115 16 143 141 93 123 47 66 17 35 33 137 38 85 110 4 0 14 58 132 81 117 130 52 65 95 37 59 132 148 13 74 123 95 65 61 123 129 33 28 82 92 78 146 68 86 99 21 76 35 141 41 20 8 68 115 117 37 130 1 49 0 62 54 64 33 24 88 144
4 18 24 65 113 106 71 0 75 61 221 150 11 146 133 30 41 13 35 79 184 214 24 8 175 144 86 38 153 66 82 64 48 109 198 140 195 17 76 130 24 184 95 157 75 184 160 34 72 3 38 116 205 65 40 31 58 11 7 40 34 137 58 177 171 175 47 123 38 48 13 45 197 52 42 34 76 88 10 202 78 1 75 3 6 174 49 185 75 25 64 1 133 154 4 190 165 173 161 20 21 211 57 137 164 184 3 59 211 122 7 132 31 88 47 181 212 13 208 17 37 92 51 161 20 205 221 25 209 160 102 93 154 136 103 81 24 123 49 61 78 35 185 61 109 88 140 78 59 18 8 147 205 85 177 7 208 139 158 113 59 115 212 95 113 92 99 184 48 133 16 98 88 78 86 20 158 198 25 221 81 184 188 134 47 192 208 6 175 93 148 127 48 195 49 3 64 61 188 1 61 38 69 21 110 95 157 122 93 25 208 181 44 55 214 212 23 52 117 137 54 35 103 208 109 14 181 66 71 85 129 61 151 47 59 18 6 24 34 130 202 219 58 144 194 165 136 10 52 58 38 99 153 21 7 216 139 157 28 92 6 35 212 30 91 62 139 44 47 107 201 72 21 71 133 17 7 103 47 158 215
79 57 99 10 38 31 4 75 0 14 146 75 86 71 58 105 116 62 40 4 109 139 99 83 100 69 11 113 78 8 7 11 123 34 123 65 120 92 1 55 99 109 20 82 0 109 85 41 3 72 37 41 130 10 115 106 17 64 68 115 41 62 133 102 96 100 28 48 37 123 62 30 122 23 117 41 1 13 65 127 3 76 0 78 69 99 25 110 0 49 11 74 58 79 71 115 91 98 86 55 54 136 18 62 89 109 78 16 136 47 82 57 106 13 122 106 137 88 133 58 38 17 126 86 55 130 146 100 134 85 27 18 79 61 28 6 99 48 25 14 3 40 110 14 34 13 65 3 134 93 66 72 130 10 102 68 133 64 83 38 16 40 137 20 38 17 24 109 27 58 91 23 13 3 11 55 83 123 49 146 6 109 113 59 122 117 133 81 100 18 74 52 123 120 124 78 11 14 113 76 136 37 6 96 35 20 82 47 18 49 133 106 119 20 139 137 98 127 42 62 21 40 28 133 34 89 106 8 4 10 54 136 76 122 134 57 69 99 41 55 127 144 17 69 119 91 61 65 127 133 37 24 78 96 82 141 64 82 103 17 81 40 137 45 16 13 64 119 122 33 126 3 54 4 58 58 68 28 28 83 140
65 42 85 4 52 45 10 61 14 0 160 89 72 85 72 91 102 48 25 18 123 153 85 69 115 83 25 99 92 6 21 3 109 48 137 79 134 78 16 69 85 123 34 96 14 123 99 27 11 58 23 55 144 4 100 92 3 49 54 100 27 76 119 116 110 115 14 62 23 109 48 16 136 8 103 27 16 27 51 141 17 62 14 64 55 113 11 124 14 35 3 59 72 93 57 129 105 112 100 41 40 150 4 76 103 123 64 1 150 61 68 71 92 27 107 120 151 74 147 44 24 31 112 100 41 144 160 86 148 99 41 33 93 75 42 20 85 62 11 0 17 25 124 0 48 27 79 17 120 79 52 86 144 24 116 54 147 78 98 52 1 54 151 34 52 31 38 123 13 72 76 37 27 17 25 41 98 137 35 160 20 123 127 74 107 132 147 66 115 33 88 66 109 134 110 64 3 0 127 62 122 23 8 82 49 34 96 61 33 35 147 120 105 6 153 151 83 113 57 76 7 25 42 147 48 75 120 6 10 24 68 122 91 107 120 42 55 85 27 69 141 158 3 83 133 105 75 51 113 119 23 38 92 82 68 156 78 96 89 31 66 25 151 31 30 1 78 105 107 47 140 11 40 10 72 44 54 42 14 98 154
225 202 245 156 107 115 150 221 146 160 0 71 232 75 88 250 262 208 185 141 37 7 245 229 45 76 134 259 68 154 139 157 269 112 23 81 25 238 144 91 245 37 126 64 146 37 61 187 148 218 182 105 16 156 260 252 163 209 214 260 187 83 279 44 49 45 174 98 182 269 208 175 24 168 263 187 144 133 211 18 143 222 146 223 215 47 171 35 146 195 157 219 88 66 216 31 55 48 59 201 199 10 164 83 57 37 223 161 10 99 228 89 252 133 267 40 8 233 13 204 184 129 272 59 201 16 0 246 11 61 119 127 66 85 117 140 245 98 171 160 143 185 35 160 112 133 81 143 280 239 212 74 16 136 44 214 13 82 62 107 161 106 8 126 107 129 122 37 173 88 236 123 133 143 134 201 62 23 195 0 140 37 33 86 267 28 13 226 45 127 72 93 269 25 270 223 157 160 33 222 281 182 151 242 110 126 64 99 127 195 13 40 264 165 7 8 243 273 103 83 167 185 117 13 112 235 40 154 150 136 92 281 69 267 280 202 215 245 187 91 18 1 163 76 27 55 85 211 273 279 182 122 68 242 228 4 82 64 249 129 226 185 8 191 130 158 82 264 267 113 20 148 199 150 88 204 214 117 174 62 6
154 132 174 85 37 44 79 150 75 89 71 0 161 4 17 180 191 137 115 71 34 64 174 158 25 6 64 188 3 83 68 86 198 41 48 10 45 167 74 20 174 34 55 7 75 34 10 116 78 147 112 34 55 85 190 181 92 139 143 190 116 13 208 27 21 25 103 27 112 198 137 105 47 98 192 116 74 62 140 52 72 151 75 153 144 24 100 35 75 124 86 148 17 4 146 40 16 23 11 130 129 61 93 13 14 34 153 91 61 28 157 18 181 62 197 31 62 163 58 133 113 58 201 11 130 55 71 175 59 10 48 57 4 14 47 69 174 27 100 89 72 115 35 89 41 62 10 72 209 168 141 3 55 65 27 143 58 11 8 37 91 35 62 55 37 58 51 34 102 17 165 52 62 72 64 130 8 48 124 71 69 34 38 16 197 42 58 156 25 57 1 23 198 45 199 153 86 89 38 151 211 112 81 171 40 55 7 28 57 124 58 31 194 95 64 62 173 202 33 13 96 115 47 58 41 164 31 83 79 65 21 211 1 197 209 132 144 174 116 20 52 69 92 6 44 16 14 140 202 208 112 51 3 171 157 66 11 7 178 58 156 115 62 120 59 88 11 194 197 42 51 78 129 79 17 133 143 47 103 8 65
7 30 13 76 124 117 82 11 86 72 232 161 0 157 144 18 30 24 47 91 195 225 13 3 187 156 98 27 164 78 93 75 37 120 209 151 206 6 88 141 13 195 106 168 86 195 171 45 83 14 49 127 216 76 28 20 69 23 18 28 45 148 47 188 182 187 58 134 49 37 24 57 208 64 31 45 88 99 21 214 89 10 86 8 17 185 61 197 86 37 75 13 144 165 16 201 177 184 173 31 33 222 68 148 175 195 8 71 222 133 4 143 20 99 35 192 223 1 219 28 48 103 40 173 31 216 232 14 221 171 113 105 165 147 115 92 13 134 61 72 89 47 197 72 120 99 151 89 48 7 20 158 216 96 188 18 219 150 170 124 71 126 223 106 124 103 110 195 59 144 4 109 99 89 98 31 170 209 37 232 92 195 199 146 35 204 219 6 187 105 160 139 37 206 38 8 75 72 199 10 49 49 81 10 122 106 168 133 105 37 219 192 33 66 225 223 11 41 129 148 65 47 115 219 120 3 192 78 82 96 140 49 163 35 48 30 17 13 45 141 214 231 69 156 205 177 147 21 41 47 49 110 164 10 4 228 150 168 17 103 6 47 223 41 102 74 150 33 35 119 212 83 33 82 144 28 18 115 58 170 226
150 127 170 81 33 40 75 146 71 85 75 4 157 0 13 175 187 133 110 66 38 68 170 154 30 1 59 184 7 79 64 82 194 37 52 6 49 163 69 16 170 38 51 11 71 38 14 112 74 143 107 30 59 81 185 177 88 134 139 185 112 8 204 31 25 30 99 23 107 194 133 100 51 93 188 112 69 58 136 57 68 147 71 148 140 28 96 40 71 120 82 144 13 8 141 44 20 27 16 126 124 65 89 8 18 38 148 86 65 24 153 14 177 58 192 35 66 158 62 129 109 54 197 16 126 59 75 171 64 14 44 52 8 10 42 65 170 23 96 85 68 110 40 85 37 58 6 68 205 164 137 1 59 61 31 139 62 7 13 33 86 31 66 51 33 54 47 38 98 13 161 48 58 68 59 126 13 52 120 75 65 38 42 11 192 47 62 151 30 52 3 18 194 49 195 148 82 85 42 147 206 107 76 167 35 51 11 24 52 120 62 35 190 91 68 66 168 198 28 8 92 110 42 62 37 160 35 79 75 61 17 206 6 192 205 127 140 170 112 16 57 74 88 1 48 20 10 136 198 204 107 47 7 167 153 71 7 11 174 54 151 110 66 116 55 83 7 190 192 38 55 74 124 75 13 129 139 42 99 13 69
137 115 157 68 20 27 62 133 58 72 88 17 144 13 0 163 174 120 98 54 51 81 157 141 42 11 47 171 20 66 51 69 181 24 65 7 62 150 57 3 157 51 38 24 58 51 27 99 61 130 95 17 72 68 173 164 75 122 126 173 99 4 191 44 38 42 86 10 95 181 120 88 64 81 175 99 57 45 123 69 55 134 58 136 127 41 83 52 58 107 69 132 0 21 129 57 33 40 28 113 112 78 76 4 31 51 136 74 78 11 140 1 164 45 180 48 79 146 75 116 96 41 184 28 113 72 88 158 76 27 31 40 21 3 30 52 157 10 83 72 55 98 52 72 24 45 7 55 192 151 124 14 72 48 44 126 75 6 25 20 74 18 79 38 20 41 34 51 85 0 148 35 45 55 47 113 25 65 107 88 52 51 55 1 180 59 75 139 42 40 16 6 181 62 182 136 69 72 55 134 194 95 64 154 23 38 24 11 40 107 75 48 177 78 81 79 156 185 16 4 79 98 30 75 24 147 48 66 62 48 4 194 18 180 192 115 127 157 99 3 69 86 75 11 61 33 3 123 185 191 95 34 20 154 140 83 6 24 161 41 139 98 79 103 42 71 6 177 180 25 68 61 112 62 0 116 126 30 86 25 82
25 48 6 95 143 136 100 30 105 91 250 180 18 175 163 0 11 42 65 109 214 243 6 21 205 174 116 8 182 96 112 93 18 139 228 170 225 13 106 160 6 214 124 187 105 214 190 64 102 33 68 146 235 95 10 1 88 41 37 10 64 167 28 206 201 205 76 153 68 18 42 75 226 82 13 64 106 117 40 232 107 28 105 27 35 204 79 215 105 55 93 31 163 184 34 219 195 202 191 49 51 240 86 167 194 214 27 89 240 151 23 161 1 117 17 211 242 17 238 47 66 122 21 191 49 235 250 4 239 190 132 123 184 165 133 110 6 153 79 91 107 65 215 91 139 117 170 107 30 11 38 177 235 115 206 37 238 168 188 143 89 144 242 124 143 122 129 214 78 163 14 127 117 107 116 49 188 228 55 250 110 214 218 164 17 222 238 24 205 123 178 157 18 225 20 27 93 91 218 28 31 68 99 8 140 124 187 151 123 55 238 211 14 85 243 242 7 23 147 167 83 65 133 238 139 16 211 96 100 115 158 31 181 17 30 48 35 6 64 160 232 249 88 174 223 195 165 40 23 28 68 129 182 8 23 246 168 187 1 122 24 65 242 59 120 92 168 14 17 137 231 102 51 100 163 47 37 133 76 188 245
37 59 17 106 154 147 112 41 116 102 262 191 30 187 174 11 0 54 76 120 225 255 17 33 216 185 127 3 194 107 123 105 7 150 239 181 236 24 117 171 17 225 136 198 116 225 201 75 113 44 79 157 246 106 1 10 99 52 48 1 75 178 17 218 212 216 88 164 79 7 54 86 238 93 1 75 117 129 51 243 119 40 116 38 47 215 91 226 116 66 105 42 174 195 45 231 206 214 202 61 62 252 98 178 205 225 38 100 252 163 34 173 10 129 6 222 253 28 249 58 78 133 10 202 61 246 262 16 250 201 143 134 195 177 144 122 17 164 91 102 119 76 226 102 150 129 181 119 18 23 49 188 246 126 218 48 249 180 199 154 100 156 253 136 154 133 140 225 89 174 25 139 129 119 127 61 199 239 66 262 122 225 229 175 6 233 249 35 216 134 190 168 7 236 8 38 105 102 229 40 20 79 110 20 151 136 198 163 134 66 249 222 3 96 255 253 18 11 158 178 95 76 144 249 150 27 222 107 112 126 170 20 192 6 18 59 47 17 75 171 243 260 99 185 235 206 177 51 11 17 79 140 194 20 34 257 180 198 13 133 35 76 253 71 132 103 180 3 6 148 242 113 62 112 174 58 48 144 88 199 256
17 6 37 52 100 93 58 13 62 48 208 137 24 133 120 42 54 0 23 66 171 201 37 21 163 132 74 51 140 54 69 51 61 96 185 127 182 30 64 117 37 171 82 144 62 171 147 21 59 10 25 103 192 52 52 44 45 1 6 52 21 124 71 164 158 163 34 110 25 61 0 33 184 40 55 21 64 75 3 190 65 14 62 16 7 161 37 173 62 13 51 11 120 141 8 177 153 160 148 7 8 198 44 124 151 171 16 47 198 109 20 119 44 75 59 168 199 25 195 4 24 79 64 148 7 192 208 38 197 147 89 81 141 123 91 68 37 110 37 48 65 23 173 48 96 75 127 65 72 31 4 134 192 72 164 6 195 126 146 100 47 102 199 82 100 79 86 171 35 120 28 85 75 65 74 7 146 185 13 208 68 171 175 122 59 180 195 18 163 81 136 115 61 182 62 16 51 48 175 14 74 25 57 34 98 82 144 109 81 13 195 168 57 42 201 199 35 65 105 124 41 23 91 195 96 27 168 54 58 72 116 74 139 59 72 6 7 37 21 117 190 206 45 132 181 153 123 3 65 71 25 86 140 34 20 204 126 144 41 79 18 23 199 17 78 49 126 57 59 95 188 59 8 58 120 4 6 91 34 146 202
40 17 59 30 78 71 35 35 40 25 185 115 47 110 98 65 76 23 0 44 148 178 59 44 140 109 51 74 117 31 47 28 83 74 163 105 160 52 41 95 59 148 59 122 40 148 124 1 37 33 3 81 170 30 75 66 23 24 28 75 1 102 93 141 136 140 11 88 3 83 23 10 161 17 78 1 41 52 25 167 42 37 40 38 30 139 14 150 40 10 28 34 98 119 31 154 130 137 126 16 14 175 21 102 129 148 38 24 175 86 42 96 66 52 82 146 177 48 173 18 1 57 86 126 16 170 185 61 174 124 66 58 119 100 68 45 59 88 14 25 42 0 150 25 74 52 105 42 95 54 27 112 170 49 141 28 173 103 123 78 24 79 177 59 78 57 64 148 13 98 51 62 52 42 51 16 123 163 10 185 45 148 153 99 82 157 173 41 140 58 113 92 83 160 85 38 28 25 153 37 96 3 34 57 75 59 122 86 58 10 173 146 79 20 178 177 58 88 82 102 18 0 68 173 74 49 146 31 35 49 93 96 116 82 95 17 30 59 1 95 167 184 23 109 158 130 100 25 88 93 3 64 117 57 42 181 103 122 64 57 41 0 177 6 55 27 103 79 82 72 165 37 14 35 98 18 28 68 11 123 180
83 61 103 14 34 27 8 79 4 18 141 71 91 66 54 109 120 66 44 0 105 134 103 88 96 65 7 117 74 13 3 16 127 30 119 61 116 96 3 51 103 105 16 78 4 105 81 45 7 76 41 37 126 14 119 110 21 68 72 119 45 58 137 98 92 96 33 44 41 127 66 34 117 27 122 45 3 8 69 123 1 81 4 82 74 95 30 106 4 54 16 78 54 75 75 110 86 93 82 59 58 132 23 58 85 105 82 20 132 42 86 52 110 8 126 102 133 92 129 62 42 13 130 82 59 126 141 105 130 81 23 14 75 57 24 1 103 44 30 18 1 44 106 18 30 8 61 1 139 98 71 68 126 6 98 72 129 59 79 34 20 35 133 16 34 13 20 105 31 54 95 18 8 1 7 59 79 119 54 141 1 105 109 55 126 113 129 85 96 14 69 48 127 116 129 82 16 18 109 81 140 41 10 100 31 16 78 42 14 54 129 102 123 24 134 133 102 132 38 58 25 44 24 129 30 93 102 13 8 6 49 140 72 126 139 61 74 103 45 51 123 140 21 65 115 86 57 69 132 137 41 20 74 100 86 137 59 78 107 13 85 44 133 49 11 17 59 123 126 28 122 7 58 8 54 62 72 24 33 79 136
188 165 208 119 71 78 113 184 109 123 37 34 195 38 51 214 225 171 148 105 0 30 208 192 8 40 98 222 31 117 102 120 232 75 14 44 11 201 107 54 208 0 89 27 109 0 24 150 112 181 146 68 21 119 223 215 126 173 177 223 150 47 242 7 13 8 137 61 146 232 171 139 13 132 226 150 107 96 174 18 106 185 109 187 178 10 134 1 109 158 120 182 51 30 180 6 18 11 23 164 163 27 127 47 20 0 187 124 27 62 191 52 215 96 231 3 28 197 24 167 147 92 235 23 164 21 37 209 25 24 82 91 30 48 81 103 208 61 134 123 106 148 1 123 75 96 44 106 243 202 175 37 21 99 7 177 24 45 25 71 124 69 28 89 71 92 85 0 136 51 199 86 96 106 98 164 25 14 158 37 103 0 4 49 231 8 24 190 8 91 35 57 232 11 233 187 120 123 4 185 245 146 115 205 74 89 27 62 91 158 24 3 228 129 30 28 206 236 66 47 130 148 81 24 75 198 3 117 113 99 55 245 33 231 243 165 178 208 150 54 18 35 126 40 10 18 48 174 236 242 146 85 31 205 191 33 45 27 212 92 190 148 28 154 93 122 45 228 231 76 17 112 163 113 51 167 177 81 137 25 31
218 195 238 148 100 107 143 214 139 153 7 64 225 68 81 243 255 201 178 134 30 0 238 222 38 69 127 252 61 147 132 150 262 105 16 74 18 231 137 83 238 30 119 57 139 30 54 180 141 211 175 98 8 148 253 245 156 202 206 253 180 76 272 37 42 38 167 91 175 262 201 168 17 161 256 180 137 126 204 11 136 215 139 216 208 40 164 28 139 188 150 212 81 59 209 24 48 41 52 194 192 3 157 76 49 30 216 154 3 92 221 82 245 126 260 33 1 226 6 197 177 122 264 52 194 8 7 239 4 54 112 120 59 78 110 133 238 91 164 153 136 178 28 153 105 126 74 136 273 232 205 66 8 129 37 206 6 75 55 100 154 99 1 119 100 122 115 30 165 81 229 116 126 136 127 194 55 16 188 7 133 30 25 79 260 21 6 219 38 120 65 86 262 18 263 216 150 153 25 215 274 175 144 235 103 119 57 92 120 188 6 33 257 158 0 1 236 266 96 76 160 178 110 6 105 228 33 147 143 129 85 274 62 260 273 195 208 238 180 83 11 6 156 69 20 48 78 204 266 272 175 115 61 235 221 3 75 57 242 122 219 178 1 184 123 151 75 257 260 106 13 141 192 143 81 197 206 110 167 55 1
20 42 0 89 137 130 95 24 99 85 245 174 13 170 157 6 17 37 59 103 208 238 0 16 199 168 110 14 177 91 106 88 24 133 222 164 219 7 100 154 0 208 119 181 99 208 184 58 96 27 62 140 229 89 16 7 82 35 31 16 58 161 34 201 195 199 71 147 62 24 37 69 221 76 18 58 100 112 34 226 102 23 99 21 30 198 74 209 99 49 88 25 157 178 28 214 190 197 185 44 45 235 81 161 188 208 21 83 235 146 17 156 7 112 23 205 236 11 232 41 61 116 27 185 44 229 245 1 233 184 126 117 178 160 127 105 0 147 74 85 102 59 209 85 133 112 164 102 35 6 33 171 229 109 201 31 232 163 182 137 83 139 236 119 137 116 123 208 72 157 8 122 112 102 110 44 182 222 49 245 105 208 212 158 23 216 232 18 199 117 173 151 24 219 25 21 88 85 212 23 37 62 93 3 134 119 181 146 117 49 232 205 20 79 238 236 1 28 141 161 78 59 127 232 133 10 205 91 95 109 153 37 175 23 35 42 30 0 58 154 226 243 82 168 218 190 160 34 28 34 62 123 177 3 17 240 163 181 4 116 18 59 236 54 115 86 163 20 23 132 225 96 45 95 157 41 31 127 71 182 239
4 27 16 74 122 115 79 8 83 69 229 158 3 154 141 21 33 21 44 88 192 222 16 0 184 153 95 30 161 75 91 72 40 117 206 148 204 8 85 139 16 192 103 165 83 192 168 42 81 11 47 124 214 74 31 23 66 20 16 31 42 146 49 185 180 184 55 132 47 40 21 54 205 61 34 42 85 96 18 211 86 7 83 6 14 182 58 194 83 34 72 10 141 163 13 198 174 181 170 28 30 219 65 146 173 192 6 68 219 130 1 140 23 96 38 190 221 4 216 25 45 100 42 170 28 214 229 17 218 168 110 102 163 144 112 89 16 132 58 69 86 44 194 69 117 96 148 86 51 10 17 156 214 93 185 16 216 147 167 122 68 123 221 103 122 100 107 192 57 141 7 106 96 86 95 28 167 206 34 229 89 192 197 143 38 201 216 3 184 102 157 136 40 204 41 6 72 69 197 7 52 47 78 13 119 103 165 130 102 34 216 190 35 64 222 221 14 44 126 146 62 44 112 216 117 6 190 75 79 93 137 52 160 38 51 27 14 16 42 139 211 228 66 153 202 174 144 18 44 49 47 107 161 13 1 225 147 165 20 100 3 44 221 38 99 71 147 35 38 116 209 81 30 79 141 25 16 112 55 167 223
180 157 199 110 62 69 105 175 100 115 45 25 187 30 42 205 216 163 140 96 8 38 199 184 0 31 89 214 23 109 93 112 223 66 23 35 20 192 99 45 199 8 81 18 100 8 16 141 103 173 137 59 30 110 215 206 117 164 168 215 141 38 233 1 4 0 129 52 137 223 163 130 21 123 218 141 99 88 165 27 98 177 100 178 170 1 126 10 100 150 112 174 42 21 171 14 10 3 14 156 154 35 119 38 11 8 178 116 35 54 182 44 206 88 222 6 37 188 33 158 139 83 226 14 156 30 45 201 34 16 74 82 21 40 72 95 199 52 126 115 98 140 10 115 66 88 35 98 235 194 167 28 30 91 1 168 33 37 17 62 116 61 37 81 62 83 76 8 127 42 191 78 88 98 89 156 17 23 150 45 95 8 13 41 222 17 33 181 0 82 27 48 223 20 225 178 112 115 13 177 236 137 106 197 65 81 18 54 82 150 33 6 219 120 38 37 198 228 58 38 122 140 72 33 66 190 6 109 105 91 47 236 24 222 235 157 170 199 141 45 27 44 117 31 18 10 40 165 228 233 137 76 23 197 182 41 37 18 204 83 181 140 37 146 85 113 37 219 222 68 25 103 154 105 42 158 168 72 129 17 40
148 126 168 79 31 38 74 144 69 83 76 6 156 1 11 174 185 132 109 65 40 69 168 153 31 0 58 182 8 78 62 81 192 35 54 4 51 161 68 14 168 40 49 13 69 40 16 110 72 141 106 28 61 79 184 175 86 133 137 184 110 7 202 33 27 31 98 21 106 192 132 99 52 92 187 110 68 57 134 58 66 146 69 147 139 30 95 41 69 119 81 143 11 10 140 45 21 28 17 124 123 66 88 7 20 40 147 85 66 23 151 13 175 57 191 37 68 157 64 127 107 52 195 17 124 61 76 170 65 16 42 51 10 8 41 64 168 21 95 83 66 109 41 83 35 57 4 66 204 163 136 3 61 59 33 137 64 6 14 31 85 30 68 49 31 52 45 40 96 11 160 47 57 66 58 124 14 54 119 76 64 40 44 10 191 48 64 150 31 51 4 17 192 51 194 147 81 83 44 146 205 106 75 165 34 49 13 23 51 119 64 37 188 89 69 68 167 197 27 7 91 109 41 64 35 158 37 78 74 59 16 205 7 191 204 126 139 168 110 14 58 75 86 0 49 21 8 134 197 202 106 45 8 165 151 72 6 13 173 52 150 109 68 115 54 82 6 188 191 37 57 72 123 74 11 127 137 41 98 14 71
91 68 110 21 27 20 16 86 11 25 134 64 98 59 47 116 127 74 51 7 98 127 110 95 89 58 0 124 66 20 4 23 134 23 112 54 109 103 10 44 110 98 8 71 11 98 74 52 14 83 48 30 119 21 126 117 28 75 79 126 52 51 144 91 85 89 40 37 48 134 74 41 110 34 129 52 10 1 76 116 8 88 11 89 81 88 37 99 11 61 23 85 47 68 82 103 79 86 75 66 65 124 30 51 78 98 89 27 124 35 93 45 117 1 133 95 126 99 122 69 49 6 137 75 66 119 134 112 123 74 16 7 68 49 17 6 110 37 37 25 8 51 99 25 23 1 54 8 146 105 78 61 119 1 91 79 122 52 72 27 27 28 126 8 27 6 13 98 38 47 102 11 1 8 0 66 72 112 61 134 6 98 102 48 133 106 122 92 89 7 62 41 134 109 136 89 23 25 102 88 147 48 17 107 24 8 71 35 7 61 122 95 130 31 127 126 109 139 31 51 33 51 17 122 23 100 95 20 16 1 42 147 65 133 146 68 81 110 52 44 116 133 28 58 107 79 49 76 139 144 48 13 66 107 93 130 52 71 115 6 92 51 126 57 4 24 52 130 133 21 115 14 65 16 47 69 79 17 40 72 129
34 57 14 103 151 144 109 38 113 99 259 188 27 184 171 8 3 51 74 117 222 252 14 30 214 182 124 0 191 105 120 102 10 147 236 178 233 21 115 168 14 222 133 195 113 222 198 72 110 41 76 154 243 103 1 7 96 49 45 1 72 175 20 215 209 214 85 161 76 10 51 83 235 91 4 72 115 126 48 240 116 37 113 35 44 212 88 223 113 64 102 40 171 192 42 228 204 211 199 58 59 249 95 175 202 222 35 98 249 160 31 170 7 126 8 219 250 25 246 55 75 130 13 199 58 243 259 13 247 198 140 132 192 174 141 119 14 161 88 99 116 74 223 99 147 126 178 116 21 20 47 185 243 123 215 45 246 177 197 151 98 153 250 133 151 130 137 222 86 171 23 136 126 116 124 58 197 236 64 259 119 222 226 173 8 231 246 33 214 132 187 165 10 233 11 35 102 99 226 37 23 76 107 17 148 133 195 160 132 64 246 219 6 93 252 250 16 14 156 175 92 74 141 246 147 24 219 105 109 123 167 23 190 8 21 57 44 14 72 168 240 257 96 182 232 204 174 48 14 20 76 137 191 17 31 255 177 195 10 130 33 74 250 68 129 100 177 6 8 146 239 110 59 109 171 55 45 141 85 197 253
157 134 177 88 40 47 82 153 78 92 68 3 164 7 20 182 194 140 117 74 31 61 177 161 23 8 66 191 0 86 71 89 201 44 45 13 42 170 76 23 177 31 58 4 78 31 7 119 81 150 115 37 52 88 192 184 95 141 146 192 119 16 211 24 18 23 106 30 115 201 140 107 44 100 195 119 76 65 143 49 75 154 78 156 147 21 103 33 78 127 89 151 20 1 148 37 13 20 8 133 132 58 96 16 11 31 156 93 58 31 160 21 184 65 199 28 59 165 55 136 116 61 204 8 133 52 68 178 57 7 51 59 1 17 49 72 177 30 103 92 75 117 33 92 44 65 13 75 212 171 144 6 52 68 24 146 55 14 6 40 93 38 59 58 40 61 54 31 105 20 168 55 65 75 66 133 6 45 127 68 72 31 35 18 199 40 55 158 23 59 4 25 201 42 202 156 89 92 35 154 214 115 83 174 42 58 4 31 59 127 55 28 197 98 61 59 175 205 35 16 99 117 49 55 44 167 28 86 82 68 24 214 1 199 212 134 147 177 119 23 49 66 95 8 41 13 17 143 205 211 115 54 0 174 160 64 14 4 181 61 158 117 59 123 62 91 14 197 199 45 48 81 132 82 20 136 146 49 106 6 62
71 48 91 1 47 40 4 66 8 6 154 83 78 79 66 96 107 54 31 13 117 147 91 75 109 78 20 105 86 0 16 3 115 42 132 74 129 83 10 64 91 117 28 91 8 117 93 33 6 64 28 49 139 1 106 98 8 55 59 106 33 71 124 110 105 109 20 57 28 115 54 21 130 14 109 33 10 21 57 136 11 68 8 69 61 107 17 119 8 41 3 65 66 88 62 123 99 106 95 47 45 144 10 71 98 117 69 7 144 55 74 65 98 21 113 115 146 79 141 49 30 25 117 95 47 139 154 92 143 93 35 27 88 69 37 14 91 57 17 6 11 31 119 6 42 21 74 11 126 85 58 81 139 18 110 59 141 72 92 47 7 48 146 28 47 25 33 117 18 66 82 31 21 11 20 47 92 132 41 154 14 117 122 68 113 126 141 72 109 27 82 61 115 129 116 69 3 6 122 68 127 28 3 88 44 28 91 55 27 41 141 115 110 11 147 146 89 119 51 71 13 31 37 141 42 81 115 0 4 18 62 127 85 113 126 48 61 91 33 64 136 153 8 78 127 99 69 57 119 124 28 33 86 88 74 150 72 91 95 25 72 31 146 37 24 4 72 110 113 41 134 6 45 4 66 49 59 37 20 92 148
86 64 106 17 31 24 11 82 7 21 139 68 93 64 51 112 123 69 47 3 102 132 106 91 93 62 4 120 71 16 0 18 130 27 116 58 113 99 6 48 106 102 13 75 7 102 78 48 10 79 44 34 123 17 122 113 24 71 75 122 48 55 140 95 89 93 35 41 44 130 69 37 115 30 124 48 6 6 72 120 4 83 7 85 76 92 33 103 7 57 18 81 51 72 78 107 83 91 79 62 61 129 25 55 82 102 85 23 129 40 89 49 113 6 129 99 130 95 126 65 45 10 133 79 62 123 139 107 127 78 20 11 72 54 21 1 106 41 33 21 4 47 103 21 27 6 58 4 141 100 74 65 123 3 95 75 126 57 76 31 23 33 130 13 31 10 17 102 34 51 98 16 6 4 4 62 76 116 57 139 1 102 106 52 129 110 126 88 93 11 66 45 130 113 132 85 18 21 106 83 143 44 13 103 28 13 75 40 11 57 126 99 126 27 132 130 105 134 35 55 28 47 21 126 27 96 99 16 11 3 47 143 69 129 141 64 76 106 48 48 120 137 24 62 112 83 54 72 134 140 44 17 71 103 89 134 57 75 110 10 88 47 130 52 8 20 57 126 129 25 119 10 61 11 51 65 75 21 35 76 133
68 45 88 1 49 42 7 64 11 3 157 86 75 82 69 93 105 51 28 16 120 150 88 72 112 81 23 102 89 3 18 0 112 45 134 76 132 81 13 66 88 120 31 93 11 120 96 30 8 61 25 52 141 1 103 95 6 52 57 103 30 74 122 113 107 112 17 59 25 112 51 18 133 11 106 30 13 24 54 139 14 65 11 66 58 110 14 122 11 38 0 62 69 91 59 126 102 109 98 44 42 147 7 74 100 120 66 4 147 58 71 68 95 24 110 117 148 76 144 47 27 28 115 98 44 141 157 89 146 96 38 30 91 72 40 17 88 59 14 3 14 28 122 3 45 24 76 14 123 82 55 83 141 21 113 57 144 75 95 49 4 51 148 31 49 28 35 120 16 69 79 34 24 14 23 44 95 134 38 157 17 120 124 71 110 129 144 69 112 30 85 64 112 132 113 66 0 3 124 65 124 25 6 85 47 31 93 58 30 38 144 117 107 8 150 148 86 116 54 74 10 28 40 144 45 78 117 3 7 21 65 124 88 110 123 45 58 88 30 66 139 156 6 81 130 102 72 54 116 122 25 35 89 85 71 153 75 93 92 28 69 28 148 34 27 1 75 107 110 44 137 8 42 7 69 47 57 40 17 95 151
44 66 24 113 161 154 119 48 123 109 269 198 37 194 181 18 7 61 83 127 232 262 24 40 223 192 134 10 201 115 130 112 0 157 246 188 243 31 124 178 24 232 143 205 123 232 208 82 120 51 86 164 253 113 8 17 106 59 55 8 82 185 10 225 219 223 95 171 86 0 61 93 245 100 6 82 124 136 58 250 126 47 123 45 54 222 98 233 123 74 112 49 181 202 52 238 214 221 209 68 69 259 105 185 212 232 45 107 259 170 41 180 17 136 1 229 260 35 256 65 85 140 3 209 68 253 269 23 257 208 150 141 202 184 151 129 24 171 98 109 126 83 233 109 157 136 188 126 11 30 57 195 253 133 225 55 256 187 206 161 107 163 260 143 161 140 147 232 96 181 33 146 136 126 134 68 206 246 74 269 129 232 236 182 1 240 256 42 223 141 197 175 0 243 1 45 112 109 236 47 13 86 117 27 158 143 205 170 141 74 256 229 4 103 262 260 25 4 165 185 102 83 151 256 157 34 229 115 119 133 177 13 199 1 11 66 54 24 82 178 250 267 106 192 242 214 184 58 4 10 86 147 201 27 41 264 187 205 20 140 42 83 260 78 139 110 187 4 1 156 249 120 69 119 181 65 55 151 95 206 263
113 91 133 44 4 3 38 109 34 48 112 41 120 37 24 139 150 96 74 30 75 105 133 117 66 35 23 147 44 42 27 45 157 0 89 31 86 126 33 21 133 75 14 48 34 75 51 75 37 106 71 7 96 44 148 140 51 98 102 148 75 28 167 68 62 66 62 14 71 157 96 64 88 57 151 75 33 21 99 93 31 110 34 112 103 65 59 76 34 83 45 107 24 45 105 81 57 64 52 89 88 102 52 28 55 75 112 49 102 13 116 23 140 21 156 72 103 122 99 92 72 17 160 52 89 96 112 134 100 51 7 16 45 27 6 28 133 14 59 48 31 74 76 48 0 21 31 31 168 127 100 38 96 24 68 102 99 30 49 4 49 6 103 14 4 17 10 75 61 24 124 11 21 31 23 89 49 89 83 112 28 75 79 25 156 83 99 115 66 16 40 18 157 86 158 112 45 48 79 110 170 71 40 130 1 14 48 13 16 83 99 72 153 54 105 103 132 161 8 28 55 74 6 99 0 123 72 42 38 24 20 170 42 156 168 91 103 133 75 21 93 110 51 35 85 57 27 99 161 167 71 10 44 130 116 107 30 48 137 17 115 74 103 79 18 47 30 153 156 1 92 37 88 38 24 92 102 6 62 49 106
202 180 222 133 85 92 127 198 123 137 23 48 209 52 65 228 239 185 163 119 14 16 222 206 23 54 112 236 45 132 116 134 246 89 0 58 3 215 122 68 222 14 103 41 123 14 38 164 126 195 160 82 7 133 238 229 140 187 191 238 164 61 256 21 27 23 151 75 160 246 185 153 1 146 240 164 122 110 188 4 120 199 123 201 192 24 148 13 123 173 134 197 65 44 194 8 33 25 37 178 177 13 141 61 34 14 201 139 13 76 205 66 229 110 245 17 14 211 10 181 161 106 249 37 178 7 23 223 11 38 96 105 44 62 95 117 222 75 148 137 120 163 13 137 89 110 58 120 257 216 190 51 7 113 21 191 10 59 40 85 139 83 14 103 85 106 99 14 150 65 214 100 110 120 112 178 40 0 173 23 117 14 10 64 245 6 10 204 23 105 49 71 246 3 247 201 134 137 10 199 259 160 129 219 88 103 41 76 105 173 10 17 242 143 16 14 221 250 81 61 144 163 95 10 89 212 17 132 127 113 69 259 47 245 257 180 192 222 164 68 4 21 140 54 4 33 62 188 250 256 160 99 45 219 205 18 59 41 226 106 204 163 14 168 107 136 59 242 245 91 3 126 177 127 65 181 191 95 151 40 17
144 122 164 75 27 34 69 140 65 79 81 10 151 6 7 170 181 127 105 61 44 74 164 148 35 4 54 178 13 74 58 76 188 31 58 0 55 157 64 10 164 44 45 17 65 44 20 106 68 137 102 24 65 75 180 171 82 129 133 180 106 3 198 37 31 35 93 17 102 188 127 95 57 88 182 106 64 52 130 62 62 141 65 143 134 34 91 45 65 115 76 139 7 14 136 49 25 33 21 120 119 71 83 3 24 44 143 81 71 18 147 8 171 52 187 41 72 153 68 123 103 48 191 21 120 65 81 165 69 20 38 47 14 4 37 59 164 17 91 79 62 105 45 79 31 52 0 62 199 158 132 7 65 55 37 133 68 1 18 27 81 25 72 45 27 48 41 44 92 7 156 42 52 62 54 120 18 58 115 81 59 44 48 6 187 52 68 146 35 47 8 13 188 55 190 143 76 79 48 141 201 102 71 161 30 45 17 18 47 115 68 41 184 85 74 72 163 192 23 3 86 105 37 68 31 154 41 74 69 55 11 201 11 187 199 122 134 164 106 10 62 79 82 4 54 25 4 130 192 198 102 41 13 161 147 76 1 17 168 48 146 105 72 110 49 78 1 184 187 33 61 68 119 69 7 123 133 37 93 18 75
199 177 219 130 82 89 124 195 120 134 25 45 206 49 62 225 236 182 160 116 11 18 219 204 20 51 109 233 42 129 113 132 243 86 3 55 0 212 119 65 219 11 100 38 120 11 35 161 123 192 157 79 10 130 235 226 137 184 188 235 161 58 253 18 24 20 148 72 157 243 182 150 1 143 238 161 119 107 185 7 117 197 120 198 190 21 146 10 120 170 132 194 62 41 191 6 30 23 34 175 174 16 139 58 31 11 198 136 16 74 202 64 226 107 242 14 17 208 13 178 158 103 246 34 175 10 25 221 14 35 93 102 41 59 92 115 219 72 146 134 117 160 10 134 86 107 55 117 255 214 187 48 10 110 18 188 13 57 37 82 136 81 17 100 82 103 96 11 147 62 211 98 107 117 109 175 37 3 170 25 115 11 7 61 242 3 13 201 20 102 47 68 243 0 245 198 132 134 7 197 256 157 126 216 85 100 38 74 102 170 13 14 239 140 18 17 218 247 78 58 141 160 92 13 86 209 14 129 124 110 66 256 44 242 255 177 190 219 161 65 7 24 137 51 1 30 59 185 247 253 157 96 42 216 202 21 57 38 223 103 201 160 17 165 105 133 57 239 242 88 6 123 174 124 62 178 188 92 148 37 20
13 35 7 82 130 123 88 17 92 78 238 167 6 163 150 13 24 30 52 96 201 231 7 8 192 161 103 21 170 83 99 81 31 126 215 157 212 0 93 147 7 201 112 174 92 201 177 51 89 20 55 133 222 82 23 14 75 28 24 23 51 154 41 194 188 192 64 140 55 31 30 62 214 69 25 51 93 105 27 219 95 16 92 14 23 191 66 202 92 42 81 18 150 171 21 206 182 190 178 37 38 228 74 154 181 201 14 76 228 139 10 148 14 105 30 198 229 4 225 34 54 109 34 178 37 222 238 8 226 177 119 110 171 153 120 98 7 140 66 78 95 52 202 78 126 105 157 95 42 1 25 164 222 102 194 24 225 156 175 130 76 132 229 112 130 109 116 201 65 150 1 115 105 95 103 37 175 215 42 238 98 201 205 151 30 209 225 11 192 110 165 144 31 212 33 14 81 78 205 16 44 55 86 4 127 112 174 139 110 42 225 198 27 72 231 229 6 35 134 154 71 52 120 225 126 3 198 83 88 102 146 44 168 30 42 35 23 7 51 147 219 236 75 161 211 182 153 27 35 41 55 116 170 4 10 233 156 174 11 109 11 52 229 47 107 79 156 27 30 124 218 89 38 88 150 34 24 120 64 175 232
81 58 100 11 37 30 6 76 1 16 144 74 88 69 57 106 117 64 41 3 107 137 100 85 99 68 10 115 76 10 6 13 124 33 122 64 119 93 0 54 100 107 18 81 1 107 83 42 4 74 38 40 129 11 116 107 18 65 69 116 42 61 134 100 95 99 30 47 38 124 64 31 120 24 119 42 0 11 66 126 1 78 1 79 71 98 27 109 1 51 13 75 57 78 72 113 89 96 85 57 55 134 20 61 88 107 79 17 134 45 83 55 107 11 123 105 136 89 132 59 40 16 127 85 57 129 144 102 133 83 25 17 78 59 27 4 100 47 27 16 1 41 109 16 33 11 64 1 136 95 68 71 129 8 100 69 132 62 82 37 17 38 136 18 37 16 23 107 28 57 92 21 11 1 10 57 82 122 51 144 4 107 112 58 123 116 132 82 99 17 72 51 124 119 126 79 13 16 112 78 137 38 7 98 34 18 81 45 17 51 132 105 120 21 137 136 99 129 41 61 23 41 27 132 33 91 105 10 6 8 52 137 75 123 136 58 71 100 42 54 126 143 18 68 117 89 59 66 129 134 38 23 76 98 83 140 62 81 105 16 82 41 136 47 14 14 62 120 123 31 124 4 55 6 57 59 69 27 30 82 139
134 112 154 65 17 24 59 130 55 69 91 20 141 16 3 160 171 117 95 51 54 83 154 139 45 14 44 168 23 64 48 66 178 21 68 10 65 147 54 0 154 54 35 27 55 54 30 96 58 127 92 14 75 65 170 161 72 119 123 170 96 7 188 47 41 45 83 7 92 178 117 85 66 78 173 96 54 42 120 72 52 132 55 133 124 44 81 55 55 105 66 129 3 24 126 59 35 42 31 110 109 81 74 7 34 54 133 71 81 8 137 1 161 42 177 51 82 143 78 113 93 38 181 31 110 75 91 156 79 30 28 37 24 6 27 49 154 7 81 69 52 95 55 69 21 42 10 52 190 148 122 17 75 45 47 123 78 8 28 17 71 16 82 35 17 38 31 54 82 3 146 33 42 52 44 110 28 68 105 91 49 54 58 4 177 62 78 136 45 37 18 3 178 65 180 133 66 69 58 132 191 92 61 151 20 35 27 8 37 105 78 51 174 75 83 82 153 182 13 7 76 95 27 78 21 144 51 64 59 45 1 191 21 177 190 112 124 154 96 0 72 89 72 14 64 35 6 120 182 188 92 31 23 151 137 86 8 27 158 38 136 95 82 100 40 68 8 174 177 23 71 58 109 59 3 113 123 27 83 28 85
20 42 0 89 137 130 95 24 99 85 245 174 13 170 157 6 17 37 59 103 208 238 0 16 199 168 110 14 177 91 106 88 24 133 222 164 219 7 100 154 0 208 119 181 99 208 184 58 96 27 62 140 229 89 16 7 82 35 31 16 58 161 34 201 195 199 71 147 62 24 37 69 221 76 18 58 100 112 34 226 102 23 99 21 30 198 74 209 99 49 88 25 157 178 28 214 190 197 185 44 45 235 81 161 188 208 21 83 235 146 17 156 7 112 23 205 236 11 232 41 61 116 27 185 44 229 245 1 233 184 126 117 178 160 127 105 0 147 74 85 102 59 209 85 133 112 164 102 35 6 33 171 229 109 201 31 232 163 182 137 83 139 236 119 137 116 123 208 72 157 8 122 112 102 110 44 182 222 49 245 105 208 212 158 23 216 232 18 199 117 173 151 24 219 25 21 88 85 212 23 37 62 93 3 134 119 181 146 117 49 232 205 20 79 238 236 1 28 141 161 78 59 127 232 133 10 205 91 95 109 153 37 175 23 35 42 30 0 58 154 226 243 82 168 218 190 160 34 28 34 62 123 177 3 17 240 163 181 4 116 18 59 236 54 115 86 163 20 23 132 225 96 45 95 157 41 31 127 71 182 239
188 165 208 119 71 78 113 184 109 123 37 34 195 38 51 214 225 171 148 105 0 30 208 192 8 40 98 222 31 117 102 120 232 75 14 44 11 201 107 54 208 0 89 27 109 0 24 150 112 181 146 68 21 119 223 215 126 173 177 223 150 47 242 7 13 8 137 61 146 232 171 139 13 132 226 150 107 96 174 18 106 185 109 187 178 10 134 1 109 158 120 182 51 30 180 6 18 11 23 164 163 27 127 47 20 0 187 124 27 62 191 52 215 96 231 3 28 197 24 167 147 92 235 23 164 21 37 209 25 24 82 91 30 48 81 103 208 61 134 123 106 148 1 123 75 96 44 106 243 202 175 37 21 99 7 177 24 45 25 71 124 69 28 89 71 92 85 0 136 51 199 86 96 106 98 164 25 14 158 37 103 0 4 49 231 8 24 190 8 91 35 57 232 11 233 187 120 123 4 185 245 146 115 205 74 89 27 62 91 158 24 3 228 129 30 28 206 236 66 47 130 148 81 24 75 198 3 117 113 99 55 245 33 231 243 165 178 208 150 54 18 35 126 40 10 18 48 174 236 242 146 85 31 205 191 33 45 27 212 92 190 148 28 154 93 122 45 228 231 76 17 112 163 113 51 167 177 81 137 25 31
