321 1104 0
0 23 54 69 175 110 51 4 42 65 17 154 201 150 38 25 81 17 14 83 82 218 79 4 10 148 54 34 79 71 68 68 137 113 8 144 170 13 165 134 25 188 61 161 168 188 1 38 215 7 3 120 27 69 42 27 216 16 212 35 41 141 47 181 24 180 225 127 214 44 106 49 158 57 107 38 20 92 54 206 82 3 190 1 113 178 144 190 55 30 13 6 209 158 181 194 212 177 163 24 64 215 216 141 117 188 103 64 52 126 11 136 92 92 91 185 163 8 30 21 85 96 192 165 42 209 212 21 180 164 153 98 44 140 45 85 68 127 192 65 57 40 74 65 115 92 161 82 98 14 212 151 40 89 218 11 18 143 122 117 58 119 107 99 113 96 185 188 75 137 133 102 156 82 55 24 10 202 38 225 206 188 62 139 198 197 140 1 48 98 42 132 157 199 3 1 143 65 24 3 1 42 216 17 95 99 143 126 42 30 205 185 25 59 137 216 11 48 51 141 219 40 116 212 10 10 192 71 206 89 218 57 11 42 184 23 27 20 3 134 201 223 64 148 148 170 184 14 35 54 208 103 20 17 4 221 65 161 206 96 47 40 154 34 133 66 18 40 3 112 20 76 40 75 112 21 34 107 139 163 3 20 163 76 208 79 126 42 33 137 38 150 57 188 123 218 85 91 89 191 21 44 21 195 85 81 120 146 163 79 3 34 10 42 192 88 143 62 13 58 218
23 0 76 47 153 88 28 18 20 42 6 132 178 127 61 48 58 6 8 61 59 195 57 27 13 126 31 57 57 48 45 45 115 91 14 122 147 35 143 112 3 165 38 139 146 165 21 16 192 16 25 98 49 47 65 49 194 7 190 58 18 119 69 158 1 157 202 105 191 66 83 27 136 34 85 16 42 69 31 184 59 20 167 21 91 156 122 167 78 7 10 17 187 136 158 171 190 154 140 1 41 192 194 119 95 165 81 41 30 103 34 113 69 69 68 163 140 31 7 1 62 74 170 143 65 187 190 44 157 141 130 75 66 117 68 62 45 105 170 42 79 17 51 42 92 69 139 59 75 37 190 129 62 66 195 11 41 120 99 95 35 96 85 76 91 74 163 165 52 115 110 79 133 59 78 1 13 180 16 202 184 165 40 116 175 174 117 24 71 75 20 109 134 177 25 21 120 42 47 20 24 20 194 40 72 76 120 103 65 7 182 163 3 37 115 194 11 71 28 119 197 17 93 190 13 33 170 48 184 66 195 79 11 65 161 0 49 42 25 112 178 201 41 126 126 147 161 8 58 76 185 81 42 40 27 198 42 139 184 74 69 17 132 11 110 44 4 62 25 89 3 54 62 52 89 1 57 85 116 140 25 42 140 54 185 57 103 65 10 115 16 127 34 165 100 195 62 68 66 168 44 66 1 173 62 58 98 123 140 57 25 57 33 20 170 65 120 40 35 35 195
54 76 0 123 229 164 105 58 96 119 71 208 255 204 16 28 134 71 68 137 136 272 133 49 64 202 107 20 133 124 122 122 191 167 62 198 223 41 219 188 79 242 115 215 222 242 55 92 269 61 51 174 27 123 11 27 270 69 266 18 95 195 7 235 78 233 279 181 267 10 160 103 212 110 161 92 34 146 107 260 136 57 243 55 167 232 198 243 1 83 66 59 263 212 235 247 266 231 216 78 117 269 270 195 171 242 157 117 106 180 42 190 146 146 144 239 216 45 83 75 139 150 246 219 11 263 266 33 233 218 206 151 10 194 8 139 122 181 246 119 3 93 127 119 168 146 215 136 151 40 266 205 14 143 272 65 35 197 175 171 112 173 161 153 167 150 239 242 129 191 187 156 209 136 1 78 64 256 92 279 260 242 116 192 252 250 194 52 6 151 96 185 211 253 51 55 197 119 30 57 52 96 270 37 148 153 197 180 11 83 259 239 79 113 191 270 65 6 105 195 273 93 170 266 64 44 246 124 260 143 272 3 65 11 238 76 27 34 51 188 255 277 117 202 202 223 238 68 18 0 262 157 34 37 49 274 119 215 260 150 7 93 208 88 187 120 72 14 51 165 74 130 14 129 165 75 20 161 192 216 51 34 216 130 262 133 180 11 86 191 92 204 110 242 177 272 139 144 143 245 33 10 75 249 139 134 174 199 216 133 51 20 44 96 246 141 197 116 41 112 272
69 47 123 0 106 41 18 65 27 4 52 85 132 81 107 95 11 52 55 14 13 148 10 74 59 79 16 103 10 1 1 1 68 44 61 75 100 82 96 65 44 119 8 92 99 119 68 31 146 62 72 51 96 0 112 96 147 54 143 105 28 72 116 112 45 110 156 58 144 113 37 20 89 13 38 31 89 23 16 137 13 66 120 68 44 109 75 120 124 40 57 64 140 89 112 124 143 107 93 45 6 146 147 72 48 119 34 6 17 57 81 66 23 23 21 116 93 78 40 48 16 27 123 96 112 140 143 91 110 95 83 28 113 71 115 16 1 58 123 4 126 30 4 4 45 23 92 13 28 83 143 82 109 20 148 58 88 74 52 48 11 49 38 30 44 27 116 119 6 68 64 33 86 13 124 45 59 133 31 156 137 119 7 69 129 127 71 71 117 28 27 62 88 130 72 68 74 4 93 66 71 27 147 86 25 30 74 57 112 40 136 116 44 10 68 147 58 117 18 72 150 30 47 143 59 79 123 1 137 20 148 126 58 112 115 47 96 89 72 65 132 154 6 79 79 100 115 55 105 123 139 34 89 86 74 151 4 92 137 27 116 30 85 35 64 3 51 109 72 42 49 7 109 6 42 48 103 38 69 93 72 89 93 7 139 10 57 112 37 68 31 81 13 119 54 148 16 21 20 122 91 113 48 126 16 11 51 76 93 10 72 103 79 27 123 18 74 7 82 11 148
175 153 229 106 0 65 124 171 133 110 158 21 25 25 214 201 95 158 161 92 93 42 96 180 165 27 122 209 96 105 107 107 38 62 167 31 6 188 10 41 150 13 115 14 7 13 174 137 40 168 178 55 202 106 218 202 41 160 37 211 134 34 222 6 151 4 49 48 38 219 69 126 17 119 68 137 195 83 122 31 93 173 14 174 62 3 31 14 231 146 163 170 34 17 6 18 37 1 13 151 112 40 41 34 58 13 72 112 123 49 187 40 83 83 85 10 13 184 146 154 91 79 17 10 218 34 37 197 4 11 23 78 219 35 221 91 107 48 17 110 232 136 102 110 61 83 14 93 78 190 37 24 215 86 42 164 194 33 54 58 117 57 68 76 62 79 10 13 100 38 42 74 20 93 231 151 165 27 137 49 31 13 113 37 23 21 35 177 223 78 133 44 18 24 178 174 33 110 199 173 177 133 41 192 81 76 33 49 218 146 30 10 150 116 38 41 164 223 124 34 44 136 59 37 165 185 17 105 31 86 42 232 164 218 8 153 202 195 178 41 25 48 112 27 27 6 8 161 211 229 33 72 195 192 180 45 110 14 31 79 222 136 21 141 42 109 157 215 178 64 156 99 215 100 64 154 209 68 37 13 178 195 13 99 33 96 49 218 143 38 137 25 119 13 52 42 91 85 86 16 197 219 154 20 91 95 55 30 13 96 178 209 185 133 17 88 33 113 188 117 42
110 88 164 41 65 0 59 106 68 45 93 44 91 40 148 136 30 93 96 27 28 107 31 115 100 38 57 144 31 40 42 42 27 3 102 34 59 123 55 24 85 78 49 51 58 78 109 72 105 103 113 10 137 41 153 137 106 95 102 146 69 31 157 71 86 69 115 17 103 154 4 61 48 54 3 72 130 18 57 96 28 107 79 109 3 68 34 79 165 81 98 105 99 48 71 83 102 66 52 86 47 105 106 31 7 78 7 47 58 16 122 25 18 18 20 75 52 119 81 89 25 14 82 55 153 99 102 132 69 54 42 13 154 30 156 25 42 17 82 45 167 71 37 45 4 18 51 28 13 124 102 41 150 21 107 99 129 33 11 7 52 8 3 11 3 14 75 78 35 27 23 8 45 28 165 86 100 92 72 115 96 78 48 28 88 86 30 112 158 13 68 21 47 89 113 109 33 45 134 107 112 68 106 127 16 11 33 16 153 81 95 75 85 51 27 106 99 158 59 31 109 71 6 102 100 120 82 40 96 21 107 167 99 153 74 88 137 130 113 24 91 113 47 38 38 59 74 96 146 164 98 7 130 127 115 110 45 51 96 14 157 71 44 76 23 44 92 150 113 1 91 34 150 35 1 89 144 3 28 52 113 130 52 34 98 31 16 153 78 27 72 40 54 78 13 107 25 20 21 81 132 154 89 85 25 30 10 35 52 31 113 144 120 68 82 23 33 48 123 52 107
51 28 105 18 124 59 0 47 8 14 34 103 150 99 89 76 30 34 37 33 31 167 28 55 41 98 3 85 28 20 17 17 86 62 42 93 119 64 115 83 25 137 10 110 117 137 49 13 164 44 54 69 78 18 93 78 165 35 161 86 10 91 98 130 27 129 174 76 163 95 55 1 107 6 57 13 71 41 3 156 31 48 139 49 62 127 93 139 106 21 38 45 158 107 130 143 161 126 112 27 13 164 165 91 66 137 52 13 1 75 62 85 41 41 40 134 112 59 21 30 34 45 141 115 93 158 161 72 129 113 102 47 95 89 96 34 17 76 141 14 107 11 23 14 64 41 110 31 47 65 161 100 91 38 167 40 69 92 71 66 7 68 57 48 62 45 134 137 24 86 82 51 105 31 106 27 41 151 13 174 156 137 11 88 147 146 89 52 99 47 8 81 106 148 54 49 92 14 75 48 52 8 165 68 44 48 92 75 93 21 154 134 25 8 86 165 40 99 0 91 168 11 65 161 41 61 141 20 156 38 167 107 40 93 133 28 78 71 54 83 150 173 13 98 98 119 133 37 86 105 157 52 71 68 55 170 14 110 156 45 98 11 103 17 82 16 33 91 54 61 31 25 91 24 61 30 85 57 88 112 54 71 112 25 157 28 75 93 18 86 13 99 6 137 72 167 34 40 38 140 72 95 30 144 34 30 69 95 112 28 54 85 61 8 141 37 92 11 64 7 167
4 18 58 65 171 106 47 0 38 61 13 150 197 146 42 30 76 13 10 79 78 214 75 8 6 144 49 38 75 66 64 64 133 109 4 140 165 17 161 130 21 184 57 157 164 184 3 34 211 3 7 116 31 65 47 31 212 11 208 40 37 137 51 177 20 175 221 123 209 48 102 45 154 52 103 34 24 88 49 202 78 1 185 3 109 174 140 185 59 25 8 1 205 154 177 190 208 173 158 20 59 211 212 137 113 184 99 59 48 122 16 132 88 88 86 181 158 13 25 17 81 92 188 161 47 205 208 25 175 160 148 93 48 136 49 81 64 123 188 61 61 35 69 61 110 88 157 78 93 18 208 147 44 85 214 7 23 139 117 113 54 115 103 95 109 92 181 184 71 133 129 98 151 78 59 20 6 198 34 221 202 184 58 134 194 192 136 6 52 93 38 127 153 195 7 3 139 61 28 1 6 38 212 21 91 95 139 122 47 25 201 181 21 55 133 212 7 52 47 137 215 35 112 208 6 14 188 66 202 85 214 61 7 47 180 18 31 24 7 130 197 219 59 144 144 165 180 10 40 58 204 99 24 21 8 216 61 157 202 92 51 35 150 30 129 62 14 44 7 107 16 72 44 71 107 17 38 103 134 158 7 24 158 72 204 75 122 47 28 133 34 146 52 184 119 214 81 86 85 187 25 48 17 191 81 76 116 141 158 75 7 38 14 38 188 83 139 58 17 54 214
42 20 96 27 133 68 8 38 0 23 25 112 158 107 81 68 38 25 28 41 40 175 37 47 33 106 11 76 37 28 25 25 95 71 34 102 127 55 123 92 17 146 18 119 126 146 41 4 173 35 45 78 69 27 85 69 174 27 170 78 1 99 89 139 18 137 182 85 171 86 64 7 116 14 65 4 62 49 11 164 40 40 147 41 71 136 102 147 98 13 30 37 167 116 139 151 170 134 120 18 21 173 174 99 75 146 61 21 10 83 54 93 49 49 48 143 120 51 13 21 42 54 150 123 85 167 170 64 137 122 110 55 86 98 88 42 25 85 150 23 99 3 31 23 72 49 119 40 55 57 170 109 82 47 175 31 61 100 79 75 16 76 65 57 71 54 143 146 33 95 91 59 113 40 98 18 33 160 4 182 164 146 20 96 156 154 98 44 91 55 0 89 115 157 45 41 100 23 66 40 44 0 174 59 52 57 100 83 85 13 163 143 17 17 95 174 31 91 8 99 177 3 74 170 33 52 150 28 164 47 175 99 31 85 141 20 69 62 45 92 158 181 21 106 106 127 141 28 78 96 165 61 62 59 47 178 23 119 164 54 89 3 112 8 91 24 24 82 45 69 23 34 82 33 69 21 76 65 96 120 45 62 120 34 165 37 83 85 10 95 4 107 14 146 81 175 42 48 47 148 64 86 21 153 42 38 78 103 120 37 45 76 52 0 150 45 100 20 55 16 175
65 42 119 4 110 45 14 61 23 0 48 89 136 85 103 91 16 48 51 18 17 153 14 69 55 83 11 99 14 6 3 3 72 48 57 79 105 78 100 69 40 123 4 96 103 123 64 27 150 58 68 55 92 4 107 92 151 49 147 100 24 76 112 116 41 115 160 62 148 109 41 16 93 8 42 27 85 27 11 141 17 62 124 64 48 113 79 124 120 35 52 59 144 93 116 129 147 112 98 41 1 150 151 76 52 123 38 1 13 61 76 71 27 27 25 120 98 74 35 44 20 31 127 100 107 144 147 86 115 99 88 33 109 75 110 20 3 62 127 0 122 25 8 0 49 27 96 17 33 79 147 86 105 24 153 54 83 78 57 52 7 54 42 34 48 31 120 123 10 72 68 37 91 17 120 41 55 137 27 160 141 123 3 74 133 132 75 66 113 33 23 66 92 134 68 64 78 0 89 62 66 23 151 82 30 34 78 61 107 35 140 120 40 6 72 151 54 113 14 76 154 25 51 147 55 75 127 6 141 24 153 122 54 107 119 42 92 85 68 69 136 158 1 83 83 105 119 51 100 119 143 38 85 82 69 156 0 96 141 31 112 25 89 31 68 1 47 105 68 47 45 11 105 10 47 44 99 42 74 98 68 85 98 11 143 14 61 107 33 72 27 85 8 123 58 153 20 25 24 126 86 109 44 130 20 16 55 81 98 14 68 99 75 23 127 23 78 3 78 7 153
17 6 71 52 158 93 34 13 25 48 0 137 184 133 55 42 64 0 3 66 65 201 62 21 7 132 37 51 62 54 51 51 120 96 8 127 153 30 148 117 8 171 44 144 151 171 16 21 198 10 20 103 44 52 59 44 199 1 195 52 24 124 64 164 7 163 208 110 197 61 89 33 141 40 91 21 37 75 37 190 65 14 173 16 96 161 127 173 72 13 4 11 192 141 164 177 195 160 146 7 47 198 199 124 100 171 86 47 35 109 28 119 75 75 74 168 146 25 13 4 68 79 175 148 59 192 195 38 163 147 136 81 61 123 62 68 51 110 175 48 74 23 57 48 98 75 144 65 81 31 195 134 57 72 201 6 35 126 105 100 41 102 91 82 96 79 168 171 58 120 116 85 139 65 72 7 7 185 21 208 190 171 45 122 181 180 123 18 65 81 25 115 140 182 20 16 126 48 41 14 18 25 199 34 78 82 126 109 59 13 188 168 8 42 120 199 6 65 34 124 202 23 99 195 7 27 175 54 190 72 201 74 6 59 167 6 44 37 20 117 184 206 47 132 132 153 167 3 52 71 191 86 37 34 21 204 48 144 190 79 64 23 137 17 116 49 1 57 20 95 3 59 57 58 95 4 51 91 122 146 20 37 146 59 191 62 109 59 16 120 21 133 40 171 106 201 68 74 72 174 38 61 4 178 68 64 103 129 146 62 20 51 27 25 175 71 126 45 30 41 201
154 132 208 85 21 44 103 150 112 89 137 0 47 4 192 180 74 137 140 71 72 64 75 158 144 6 100 188 75 83 86 86 17 41 146 10 16 167 11 20 129 34 93 7 14 34 153 116 61 147 157 34 181 85 197 181 62 139 58 190 113 13 201 27 130 25 71 27 59 198 48 105 4 98 47 116 174 62 100 52 72 151 35 153 41 24 10 35 209 124 141 148 55 4 27 40 58 23 8 130 91 61 62 13 37 34 51 91 102 28 165 18 62 62 64 31 8 163 124 133 69 58 38 11 197 55 58 175 25 10 1 57 198 14 199 69 86 27 38 89 211 115 81 89 40 62 7 72 57 168 58 3 194 65 64 143 173 11 33 37 96 35 47 55 41 58 31 34 79 17 21 52 1 72 209 130 144 48 116 71 52 34 92 16 44 42 14 156 202 57 112 23 3 45 157 153 11 89 178 151 156 112 62 171 59 55 11 28 197 124 51 31 129 95 17 62 143 202 103 13 65 115 38 58 144 164 38 83 52 65 64 211 143 197 30 132 181 174 157 20 47 69 91 6 6 16 30 140 190 208 54 51 174 171 158 66 89 7 52 58 201 115 0 120 21 88 136 194 157 42 134 78 194 79 42 133 188 47 16 8 157 174 8 78 54 75 28 197 122 17 116 4 98 34 31 64 69 64 65 37 175 198 133 41 69 74 34 8 8 75 157 188 164 112 38 66 11 92 167 96 64
201 178 255 132 25 91 150 197 158 136 184 47 0 51 239 226 120 184 187 117 119 17 122 205 191 52 147 235 122 130 133 133 64 88 192 57 31 214 35 66 175 13 140 40 33 13 199 163 14 194 204 81 228 132 243 228 16 185 11 236 160 59 247 20 177 21 24 74 13 245 95 151 42 144 93 163 221 109 147 6 119 198 11 199 88 23 57 11 256 171 188 195 8 42 20 7 11 24 38 177 137 14 16 59 83 13 98 137 148 75 212 65 109 109 110 16 38 209 171 180 116 105 8 35 243 8 11 222 21 37 48 103 245 61 246 116 133 74 8 136 257 161 127 136 86 109 40 119 103 215 11 49 240 112 17 190 219 58 79 83 143 82 93 102 88 105 16 13 126 64 68 99 45 119 256 177 191 1 163 24 6 13 139 62 3 4 61 202 249 103 158 69 44 1 204 199 58 136 225 198 202 158 16 218 106 102 58 75 243 171 4 16 175 141 64 16 190 249 150 59 18 161 85 11 191 211 8 130 6 112 17 257 190 243 17 178 228 221 204 66 0 23 137 52 52 31 17 187 236 255 7 98 221 218 205 20 136 40 6 105 247 161 47 167 68 134 182 240 204 89 181 124 240 126 89 180 235 93 62 38 204 221 38 124 7 122 75 243 168 64 163 51 144 13 78 17 116 110 112 10 222 245 180 6 116 120 81 55 38 122 204 235 211 158 8 113 58 139 214 143 17
150 127 204 81 25 40 99 146 107 85 133 4 51 0 188 175 69 133 136 66 68 68 71 154 140 1 96 184 71 79 82 82 13 37 141 6 20 163 16 16 124 38 89 11 18 38 148 112 65 143 153 30 177 81 192 177 66 134 62 185 109 8 197 31 126 30 75 23 64 194 44 100 8 93 42 112 170 58 96 57 68 147 40 148 37 28 6 40 205 120 137 144 59 8 31 44 62 27 13 126 86 65 66 8 33 38 47 86 98 24 161 14 58 58 59 35 13 158 120 129 65 54 42 16 192 59 62 171 30 14 3 52 194 10 195 65 82 23 42 85 206 110 76 85 35 58 11 68 52 164 62 1 190 61 68 139 168 7 28 33 92 31 42 51 37 54 35 38 75 13 17 48 6 68 205 126 140 52 112 75 57 38 88 11 48 47 10 151 198 52 107 18 7 49 153 148 7 85 174 147 151 107 66 167 55 51 7 24 192 120 55 35 124 91 13 66 139 198 99 8 69 110 34 62 140 160 42 79 57 61 68 206 139 192 34 127 177 170 153 16 51 74 86 1 1 20 34 136 185 204 58 47 170 167 154 71 85 11 57 54 197 110 4 116 17 83 132 190 153 38 130 74 190 75 38 129 184 42 11 13 153 170 13 74 58 71 24 192 117 13 112 0 93 38 27 68 65 59 61 41 171 194 129 45 65 69 30 4 13 71 153 184 160 107 42 62 7 88 163 92 68
38 61 16 107 214 148 89 42 81 103 55 192 239 188 0 13 119 55 52 122 120 256 117 34 48 187 92 4 117 109 106 106 175 151 47 182 208 25 204 173 64 226 99 199 206 226 40 76 253 45 35 158 11 107 4 11 255 54 250 3 79 180 8 219 62 218 263 165 252 6 144 88 197 95 146 76 18 130 92 245 120 41 228 40 151 216 182 228 17 68 51 44 247 197 219 232 250 215 201 62 102 253 255 180 156 226 141 102 91 164 27 174 130 130 129 223 201 30 68 59 123 134 231 204 4 247 250 17 218 202 191 136 6 178 7 123 106 165 231 103 18 78 112 103 153 130 199 120 136 24 250 190 1 127 256 49 20 181 160 156 96 157 146 137 151 134 223 226 113 175 171 140 194 120 17 62 48 240 76 263 245 226 100 177 236 235 178 37 10 136 81 170 195 238 35 40 181 103 14 41 37 81 255 21 133 137 181 164 4 68 243 223 64 98 175 255 49 10 89 180 257 78 154 250 48 28 231 109 245 127 256 18 49 4 222 61 11 18 35 173 239 262 102 187 187 208 222 52 3 16 246 141 18 21 34 259 103 199 245 134 8 78 192 72 171 105 57 1 35 150 58 115 1 113 150 59 4 146 177 201 35 18 201 115 246 117 164 4 71 175 76 188 95 226 161 256 123 129 127 229 17 6 59 233 123 119 158 184 201 117 35 4 28 81 231 126 181 100 25 96 256
25 48 28 95 201 136 76 30 68 91 42 180 226 175 13 0 106 42 40 109 107 243 105 21 35 174 79 8 105 96 93 93 163 139 34 170 195 13 191 160 51 214 86 187 194 214 27 64 240 33 23 146 1 95 17 1 242 41 238 10 66 167 21 206 49 205 250 153 239 18 132 75 184 82 133 64 6 117 79 232 107 28 215 27 139 204 170 215 30 55 38 31 235 184 206 219 238 202 188 49 89 240 242 167 143 214 129 89 78 151 14 161 117 117 116 211 188 17 55 47 110 122 218 191 17 235 238 4 205 190 178 123 18 165 20 110 93 153 218 91 31 65 99 91 140 117 187 107 123 11 238 177 14 115 243 37 7 168 147 143 83 144 133 124 139 122 211 214 100 163 158 127 181 107 30 49 35 228 64 250 232 214 88 164 223 222 165 24 23 123 68 157 182 225 23 27 168 91 1 28 24 68 242 8 120 124 168 151 17 55 231 211 51 85 163 242 37 23 76 167 245 65 141 238 35 16 218 96 232 115 243 31 37 17 209 48 1 6 23 160 226 249 89 174 174 195 209 40 10 28 233 129 6 8 21 246 91 187 232 122 21 65 180 59 158 92 44 14 23 137 45 102 14 100 137 47 8 133 164 188 23 6 188 102 233 105 151 17 58 163 64 175 82 214 148 243 110 116 115 216 4 18 47 221 110 106 146 171 188 105 23 8 16 68 218 113 168 88 13 83 243
81 58 134 11 95 30 30 76 38 16 64 74 120 69 119 106 0 64 66 3 1 137 1 85 71 68 27 115 1 10 13 13 57 33 72 64 89 93 85 54 55 107 20 81 88 107 79 42 134 74 83 40 107 11 123 107 136 65 132 116 40 61 127 100 57 99 144 47 133 124 25 31 78 24 27 42 100 11 27 126 1 78 109 79 33 98 64 109 136 51 68 75 129 78 100 113 132 96 82 57 17 134 136 61 37 107 23 17 28 45 92 55 11 11 10 105 82 89 51 59 4 16 112 85 123 129 132 102 99 83 72 17 124 59 126 4 13 47 112 16 137 41 7 16 34 11 81 1 17 95 132 71 120 8 137 69 99 62 41 37 23 38 27 18 33 16 105 107 6 57 52 21 75 1 136 57 71 122 42 144 126 107 18 58 117 116 59 82 129 17 38 51 76 119 83 79 62 16 105 78 82 38 136 98 14 18 62 45 123 51 124 105 55 21 57 136 69 129 30 61 139 41 35 132 71 91 112 10 126 8 137 137 69 123 103 58 107 100 83 54 120 143 17 68 68 89 103 66 116 134 127 23 100 98 85 140 16 81 126 16 127 41 74 47 52 14 62 120 83 31 61 4 120 6 31 59 115 27 58 82 83 100 82 4 127 1 45 123 48 57 42 69 24 107 42 137 4 10 8 110 102 124 59 115 4 0 40 65 82 1 83 115 91 38 112 7 62 18 93 23 137
17 6 71 52 158 93 34 13 25 48 0 137 184 133 55 42 64 0 3 66 65 201 62 21 7 132 37 51 62 54 51 51 120 96 8 127 153 30 148 117 8 171 44 144 151 171 16 21 198 10 20 103 44 52 59 44 199 1 195 52 24 124 64 164 7 163 208 110 197 61 89 33 141 40 91 21 37 75 37 190 65 14 173 16 96 161 127 173 72 13 4 11 192 141 164 177 195 160 146 7 47 198 199 124 100 171 86 47 35 109 28 119 75 75 74 168 146 25 13 4 68 79 175 148 59 192 195 38 163 147 136 81 61 123 62 68 51 110 175 48 74 23 57 48 98 75 144 65 81 31 195 134 57 72 201 6 35 126 105 100 41 102 91 82 96 79 168 171 58 120 116 85 139 65 72 7 7 185 21 208 190 171 45 122 181 180 123 18 65 81 25 115 140 182 20 16 126 48 41 14 18 25 199 34 78 82 126 109 59 13 188 168 8 42 120 199 6 65 34 124 202 23 99 195 7 27 175 54 190 72 201 74 6 59 167 6 44 37 20 117 184 206 47 132 132 153 167 3 52 71 191 86 37 34 21 204 48 144 190 79 64 23 137 17 116 49 1 57 20 95 3 59 57 58 95 4 51 91 122 146 20 37 146 59 191 62 109 59 16 120 21 133 40 171 106 201 68 74 72 174 38 61 4 178 68 64 103 129 146 62 20 51 27 25 175 71 126 45 30 41 201
14 8 68 55 161 96 37 10 28 51 3 140 187 136 52 40 66 3 0 69 68 204 65 18 4 134 40 48 65 57 54 54 123 99 6 130 156 27 151 120 11 174 47 147 154 174 13 24 201 7 17 106 41 55 57 41 202 1 198 49 27 127 61 167 10 165 211 113 199 58 92 35 144 42 93 24 34 78 40 192 68 11 175 13 99 164 130 175 69 16 1 8 195 144 167 180 198 163 148 10 49 201 202 127 103 174 89 49 38 112 25 122 78 78 76 171 148 23 16 7 71 82 178 151 57 195 198 35 165 150 139 83 58 126 59 71 54 113 178 51 71 25 59 51 100 78 147 68 83 28 198 137 54 75 204 3 33 129 107 103 44 105 93 85 99 82 171 174 61 123 119 88 141 68 69 10 4 188 24 211 192 174 48 124 184 182 126 16 62 83 28 117 143 185 17 13 129 51 38 11 16 28 202 31 81 85 129 112 57 16 191 171 11 45 123 202 3 62 37 127 205 25 102 198 4 24 178 57 192 75 204 71 3 57 170 8 41 34 17 120 187 209 49 134 134 156 170 0 49 68 194 89 34 31 18 206 51 147 192 82 61 25 140 20 119 52 4 54 17 98 6 62 54 61 98 7 48 93 124 148 17 34 148 62 194 65 112 57 18 123 24 136 42 174 109 204 71 76 75 177 35 58 7 181 71 66 106 132 148 65 17 48 24 28 178 74 129 48 27 44 204
83 61 137 14 92 27 33 79 41 18 66 71 117 66 122 109 3 66 69 0 1 134 4 88 74 65 30 117 4 13 16 16 54 30 75 61 86 96 82 51 58 105 23 78 85 105 82 45 132 76 86 37 110 14 126 110 133 68 129 119 42 58 130 98 59 96 141 44 130 127 23 34 75 27 24 45 103 8 30 123 1 81 106 82 30 95 61 106 139 54 71 78 126 75 98 110 129 93 79 59 20 132 133 58 34 105 20 20 31 42 95 52 8 8 7 102 79 92 54 62 1 13 109 82 126 126 129 105 96 81 69 14 127 57 129 1 16 44 109 18 140 44 10 18 31 8 78 1 14 98 129 68 123 6 134 72 102 59 38 34 25 35 24 16 30 13 102 105 8 54 49 18 72 1 139 59 74 119 45 141 123 105 21 55 115 113 57 85 132 14 41 48 74 116 86 82 59 18 107 81 85 41 133 100 11 16 59 42 126 54 122 102 58 24 54 133 72 132 33 58 136 44 33 129 74 93 109 13 123 6 134 140 72 126 100 61 110 103 86 51 117 140 20 65 65 86 100 69 119 137 124 20 103 100 88 137 18 78 123 13 130 44 71 49 49 17 65 123 86 28 64 7 123 8 28 62 117 24 55 79 86 103 79 7 124 4 42 126 51 54 45 66 27 105 40 134 1 7 6 107 105 127 62 112 1 3 37 62 79 4 86 117 93 41 109 4 59 21 96 25 134
82 59 136 13 93 28 31 78 40 17 65 72 119 68 120 107 1 65 68 1 0 136 3 86 72 66 28 116 3 11 14 14 55 31 74 62 88 95 83 52 57 106 21 79 86 106 81 44 133 75 85 38 109 13 124 109 134 66 130 117 41 59 129 99 58 98 143 45 132 126 24 33 76 25 25 44 102 10 28 124 0 79 107 81 31 96 62 107 137 52 69 76 127 76 99 112 130 95 81 58 18 133 134 59 35 106 21 18 30 44 93 54 10 10 8 103 81 91 52 61 3 14 110 83 124 127 130 103 98 82 71 16 126 58 127 3 14 45 110 17 139 42 8 17 33 10 79 0 16 96 130 69 122 7 136 71 100 61 40 35 24 37 25 17 31 14 103 106 7 55 51 20 74 0 137 58 72 120 44 143 124 106 20 57 116 115 58 83 130 16 40 49 75 117 85 81 61 17 106 79 83 40 134 99 13 17 61 44 124 52 123 103 57 23 55 134 71 130 31 59 137 42 34 130 72 92 110 11 124 7 136 139 71 124 102 59 109 102 85 52 119 141 18 66 66 88 102 68 117 136 126 21 102 99 86 139 17 79 124 14 129 42 72 48 51 16 64 122 85 30 62 6 122 7 30 61 116 25 57 81 85 102 81 6 126 3 44 124 49 55 44 68 25 106 41 136 3 8 7 109 103 126 61 113 3 1 38 64 81 3 85 116 92 40 110 6 61 20 95 24 136
218 195 272 148 42 107 167 214 175 153 201 64 17 68 256 243 137 201 204 134 136 0 139 222 208 69 164 252 139 147 150 150 81 105 209 74 48 231 52 83 192 30 157 57 49 30 216 180 3 211 221 98 245 148 260 245 1 202 6 253 177 76 264 37 194 38 7 91 4 262 112 168 59 161 110 180 238 126 164 11 136 215 28 216 105 40 74 28 273 188 205 212 8 59 37 24 6 41 55 194 154 3 1 76 100 30 115 154 165 92 229 82 126 126 127 33 55 226 188 197 133 122 25 52 260 8 6 239 38 54 65 120 262 78 263 133 150 91 25 153 274 178 144 153 103 126 57 136 120 232 6 66 257 129 0 206 236 75 96 100 160 99 110 119 105 122 33 30 143 81 85 116 62 136 273 194 208 16 180 7 11 30 156 79 20 21 78 219 266 120 175 86 61 18 221 216 75 153 242 215 219 175 1 235 123 119 75 92 260 188 13 33 192 158 81 1 206 266 167 76 1 178 102 6 208 228 25 147 11 129 0 274 206 260 34 195 245 238 221 83 17 6 154 69 69 48 34 204 253 272 10 115 238 235 222 3 153 57 11 122 264 178 64 184 85 151 199 257 221 106 198 141 257 143 106 197 252 110 79 55 221 238 55 141 10 139 92 260 185 81 180 68 161 30 95 0 133 127 129 27 239 262 197 23 133 137 98 72 55 139 221 252 228 175 25 130 75 156 231 160 0
79 57 133 10 96 31 28 75 37 14 62 75 122 71 117 105 1 62 65 4 3 139 0 83 69 69 25 113 0 8 11 11 58 34 71 65 91 92 86 55 54 109 18 82 89 109 78 41 136 72 82 41 106 10 122 106 137 64 133 115 38 62 126 102 55 100 146 48 134 123 27 30 79 23 28 41 99 13 25 127 3 76 110 78 34 99 65 110 134 49 66 74 130 79 102 115 133 98 83 55 16 136 137 62 38 109 24 16 27 47 91 57 13 13 11 106 83 88 49 58 6 17 113 86 122 130 133 100 100 85 74 18 123 61 124 6 11 48 113 14 136 40 6 14 35 13 82 3 18 93 133 72 119 10 139 68 98 64 42 38 21 40 28 20 34 17 106 109 4 58 54 23 76 3 134 55 69 123 41 146 127 109 17 59 119 117 61 81 127 18 37 52 78 120 82 78 64 14 103 76 81 37 137 96 16 20 64 47 122 49 126 106 54 20 58 137 68 127 28 62 140 40 37 133 69 89 113 8 127 10 139 136 68 122 105 57 106 99 82 55 122 144 16 69 69 91 105 65 115 133 129 24 99 96 83 141 14 82 127 17 126 40 75 45 54 13 61 119 82 33 59 3 119 4 33 58 113 28 59 83 82 99 83 3 129 0 47 122 47 58 41 71 23 109 44 139 6 11 10 112 100 123 58 116 6 1 41 66 83 0 82 113 89 37 113 8 64 17 92 21 139
4 27 49 74 180 115 55 8 47 69 21 158 205 154 34 21 85 21 18 88 86 222 83 0 14 153 58 30 83 75 72 72 141 117 13 148 174 8 170 139 30 192 65 165 173 192 6 42 219 11 1 124 23 74 38 23 221 20 216 31 45 146 42 185 28 184 229 132 218 40 110 54 163 61 112 42 16 96 58 211 86 7 194 6 117 182 148 194 51 34 17 10 214 163 185 198 216 181 167 28 68 219 221 146 122 192 107 68 57 130 7 140 96 96 95 190 167 4 34 25 89 100 197 170 38 214 216 17 184 168 157 102 40 144 41 89 72 132 197 69 52 44 78 69 119 96 165 86 102 10 216 156 35 93 222 16 14 147 126 122 62 123 112 103 117 100 190 192 79 141 137 106 160 86 51 28 14 206 42 229 211 192 66 143 202 201 144 3 44 102 47 136 161 204 1 6 147 69 20 7 3 47 221 13 99 103 147 130 38 34 209 190 30 64 141 221 16 44 55 146 223 44 120 216 14 6 197 75 211 93 222 52 16 38 188 27 23 16 1 139 205 228 68 153 153 174 188 18 31 49 212 107 16 13 0 225 69 165 211 100 42 44 158 38 137 71 23 35 1 116 24 81 35 79 116 25 30 112 143 167 1 16 167 81 212 83 130 38 37 141 42 154 61 192 127 222 89 95 93 195 17 40 25 199 89 85 124 150 167 83 1 30 6 47 197 92 147 66 8 62 222
10 13 64 59 165 100 41 6 33 55 7 144 191 140 48 35 71 7 4 74 72 208 69 14 0 139 44 44 69 61 58 58 127 103 1 134 160 23 156 124 16 178 51 151 158 178 8 28 205 3 13 110 37 59 52 37 206 6 202 45 31 132 57 171 14 170 215 117 204 54 96 40 148 47 98 28 30 82 44 197 72 7 180 8 103 168 134 180 65 20 3 4 199 148 171 184 202 167 153 14 54 205 206 132 107 178 93 54 42 116 21 126 82 82 81 175 153 18 20 11 75 86 182 156 52 199 202 31 170 154 143 88 54 130 55 75 58 117 182 55 66 30 64 55 105 82 151 72 88 24 202 141 49 79 208 1 28 133 112 107 48 109 98 89 103 86 175 178 65 127 123 92 146 72 65 14 0 192 28 215 197 178 52 129 188 187 130 11 58 88 33 122 147 190 13 8 133 55 34 7 11 33 206 27 85 89 133 116 52 20 195 175 16 49 127 206 1 58 41 132 209 30 106 202 0 20 182 61 197 79 208 66 1 52 174 13 37 30 13 124 191 214 54 139 139 160 174 4 45 64 198 93 30 27 14 211 55 151 197 86 57 30 144 24 123 57 8 49 13 102 10 66 49 65 102 11 44 98 129 153 13 30 153 66 198 69 116 52 23 127 28 140 47 178 113 208 75 81 79 181 31 54 11 185 75 71 110 136 153 69 13 44 20 33 182 78 133 52 23 48 208
148 126 202 79 27 38 98 144 106 83 132 6 52 1 187 174 68 132 134 65 66 69 69 153 139 0 95 182 69 78 81 81 11 35 140 4 21 161 17 14 123 40 88 13 20 40 147 110 66 141 151 28 175 79 191 175 68 133 64 184 107 7 195 33 124 31 76 21 65 192 42 99 10 92 41 110 168 57 95 58 66 146 41 147 35 30 4 41 204 119 136 143 61 10 33 45 64 28 14 124 85 66 68 7 31 40 45 85 96 23 160 13 57 57 58 37 14 157 119 127 64 52 44 17 191 61 64 170 31 16 4 51 192 8 194 64 81 21 44 83 205 109 75 83 34 57 13 66 51 163 64 3 188 59 69 137 167 6 27 31 91 30 41 49 35 52 37 40 74 11 16 47 7 66 204 124 139 54 110 76 58 40 86 10 49 48 8 150 197 51 106 17 8 51 151 147 6 83 173 146 150 106 68 165 54 49 6 23 191 119 57 37 123 89 11 68 137 197 98 7 71 109 33 64 139 158 44 78 58 59 69 205 137 191 35 126 175 168 151 14 52 75 85 0 0 21 35 134 184 202 59 45 168 165 153 72 83 13 58 52 195 109 6 115 16 82 130 188 151 37 129 72 188 74 37 127 182 41 10 14 151 168 14 72 59 69 23 191 116 11 110 1 92 40 25 69 64 58 59 42 170 192 127 47 64 68 28 3 14 69 151 182 158 106 44 61 6 86 161 91 69
54 31 107 16 122 57 3 49 11 11 37 100 147 96 92 79 27 37 40 30 28 164 25 58 44 95 0 88 25 17 14 14 83 59 45 91 116 66 112 81 28 134 7 107 115 134 52 16 161 47 57 66 81 16 96 81 163 38 158 89 13 88 100 127 30 126 171 74 160 98 52 4 105 3 54 16 74 38 0 153 28 51 136 52 59 124 91 136 109 24 41 48 156 105 127 140 158 123 109 30 10 161 163 88 64 134 49 10 1 72 65 82 38 38 37 132 109 62 24 33 31 42 139 112 96 156 158 75 126 110 99 44 98 86 99 31 14 74 139 11 110 14 20 11 61 38 107 28 44 68 158 98 93 35 164 42 72 89 68 64 4 65 54 45 59 42 132 134 21 83 79 48 102 28 109 30 44 148 16 171 153 134 8 85 144 143 86 55 102 44 11 78 103 146 57 52 89 11 78 51 55 11 163 71 41 45 89 72 96 24 151 132 28 6 83 163 42 102 3 88 165 14 62 158 44 64 139 17 153 35 164 110 42 96 130 31 81 74 57 81 147 170 10 95 95 116 130 40 89 107 154 49 74 71 58 167 11 107 153 42 100 14 100 20 79 13 35 93 57 58 34 23 93 21 58 33 88 54 85 109 57 74 109 23 154 25 72 96 21 83 16 96 3 134 69 164 31 37 35 137 75 98 33 141 31 27 66 92 109 25 57 88 64 11 139 34 89 8 66 4 164
34 57 20 103 209 144 85 38 76 99 51 188 235 184 4 8 115 51 48 117 116 252 113 30 44 182 88 0 113 105 102 102 171 147 42 178 204 21 199 168 59 222 95 195 202 222 35 72 249 41 31 154 7 103 8 7 250 49 246 1 75 175 13 215 58 214 259 161 247 10 140 83 192 91 141 72 14 126 88 240 116 37 223 35 147 212 178 223 21 64 47 40 243 192 215 228 246 211 197 58 98 249 250 175 151 222 137 98 86 160 23 170 126 126 124 219 197 25 64 55 119 130 226 199 8 243 246 13 214 198 187 132 10 174 11 119 102 161 226 99 23 74 107 99 148 126 195 116 132 20 246 185 6 123 252 45 16 177 156 151 92 153 141 133 147 130 219 222 109 171 167 136 190 116 21 58 44 236 72 259 240 222 96 173 232 231 174 33 14 132 76 165 191 233 31 35 177 99 10 37 33 76 250 17 129 133 177 160 8 64 239 219 59 93 171 250 45 14 85 175 253 74 150 246 44 24 226 105 240 123 252 23 45 8 218 57 7 14 31 168 235 257 98 182 182 204 218 48 1 20 242 137 14 17 30 255 99 195 240 130 13 74 188 68 167 100 52 6 31 146 54 110 6 109 146 55 0 141 173 197 31 14 197 110 242 113 160 8 66 171 72 184 91 222 157 252 119 124 123 225 13 10 55 229 119 115 154 180 197 113 31 0 24 76 226 122 177 96 21 92 252
79 57 133 10 96 31 28 75 37 14 62 75 122 71 117 105 1 62 65 4 3 139 0 83 69 69 25 113 0 8 11 11 58 34 71 65 91 92 86 55 54 109 18 82 89 109 78 41 136 72 82 41 106 10 122 106 137 64 133 115 38 62 126 102 55 100 146 48 134 123 27 30 79 23 28 41 99 13 25 127 3 76 110 78 34 99 65 110 134 49 66 74 130 79 102 115 133 98 83 55 16 136 137 62 38 109 24 16 27 47 91 57 13 13 11 106 83 88 49 58 6 17 113 86 122 130 133 100 100 85 74 18 123 61 124 6 11 48 113 14 136 40 6 14 35 13 82 3 18 93 133 72 119 10 139 68 98 64 42 38 21 40 28 20 34 17 106 109 4 58 54 23 76 3 134 55 69 123 41 146 127 109 17 59 119 117 61 81 127 18 37 52 78 120 82 78 64 14 103 76 81 37 137 96 16 20 64 47 122 49 126 106 54 20 58 137 68 127 28 62 140 40 37 133 69 89 113 8 127 10 139 136 68 122 105 57 106 99 82 55 122 144 16 69 69 91 105 65 115 133 129 24 99 96 83 141 14 82 127 17 126 40 75 45 54 13 61 119 82 33 59 3 119 4 33 58 113 28 59 83 82 99 83 3 129 0 47 122 47 58 41 71 23 109 44 139 6 11 10 112 100 123 58 116 6 1 41 66 83 0 82 113 89 37 113 8 64 17 92 21 139
71 48 124 1 105 40 20 66 28 6 54 83 130 79 109 96 10 54 57 13 11 147 8 75 61 78 17 105 8 0 3 3 66 42 62 74 99 83 95 64 45 117 10 91 98 117 69 33 144 64 74 49 98 1 113 98 146 55 141 106 30 71 117 110 47 109 154 57 143 115 35 21 88 14 37 33 91 21 17 136 11 68 119 69 42 107 74 119 126 41 58 65 139 88 110 123 141 106 92 47 7 144 146 71 47 117 33 7 18 55 82 65 21 21 20 115 92 79 41 49 14 25 122 95 113 139 141 92 109 93 82 27 115 69 116 14 3 57 122 6 127 31 3 6 44 21 91 11 27 85 141 81 110 18 147 59 89 72 51 47 13 48 37 28 42 25 115 117 4 66 62 31 85 11 126 47 61 132 33 154 136 117 8 68 127 126 69 72 119 27 28 61 86 129 74 69 72 6 95 68 72 28 146 88 24 28 72 55 113 41 134 115 45 11 66 146 59 119 20 71 148 31 45 141 61 81 122 0 136 18 147 127 59 113 113 48 98 91 74 64 130 153 7 78 78 99 113 57 106 124 137 33 91 88 75 150 6 91 136 25 117 31 83 37 62 4 52 110 74 41 51 6 110 4 41 49 105 37 68 92 74 91 92 6 137 8 55 113 38 66 33 79 14 117 52 147 14 20 18 120 92 115 49 124 14 10 49 75 92 8 74 105 81 28 122 17 72 8 83 13 147
68 45 122 1 107 42 17 64 25 3 51 86 133 82 106 93 13 51 54 16 14 150 11 72 58 81 14 102 11 3 0 0 69 45 59 76 102 81 98 66 42 120 7 93 100 120 66 30 147 61 71 52 95 1 110 95 148 52 144 103 27 74 115 113 44 112 157 59 146 112 38 18 91 11 40 30 88 24 14 139 14 65 122 66 45 110 76 122 123 38 55 62 141 91 113 126 144 109 95 44 4 147 148 74 49 120 35 4 16 58 79 68 24 24 23 117 95 76 38 47 17 28 124 98 110 141 144 89 112 96 85 30 112 72 113 17 0 59 124 3 124 28 6 3 47 24 93 14 30 82 144 83 107 21 150 57 86 75 54 49 10 51 40 31 45 28 117 120 7 69 65 34 88 14 123 44 58 134 30 157 139 120 6 71 130 129 72 69 116 30 25 64 89 132 71 66 75 3 92 65 69 25 148 85 27 31 75 58 110 38 137 117 42 8 69 148 57 116 17 74 151 28 48 144 58 78 124 3 139 21 150 124 57 110 116 45 95 88 71 66 133 156 4 81 81 102 116 54 103 122 140 35 88 85 72 153 3 93 139 28 115 28 86 34 65 1 49 107 71 44 48 8 107 7 44 47 102 40 71 95 71 88 95 8 140 11 58 110 35 69 30 82 11 120 55 150 17 23 21 123 89 112 47 127 17 13 52 78 95 11 71 102 78 25 124 20 75 6 81 10 150
68 45 122 1 107 42 17 64 25 3 51 86 133 82 106 93 13 51 54 16 14 150 11 72 58 81 14 102 11 3 0 0 69 45 59 76 102 81 98 66 42 120 7 93 100 120 66 30 147 61 71 52 95 1 110 95 148 52 144 103 27 74 115 113 44 112 157 59 146 112 38 18 91 11 40 30 88 24 14 139 14 65 122 66 45 110 76 122 123 38 55 62 141 91 113 126 144 109 95 44 4 147 148 74 49 120 35 4 16 58 79 68 24 24 23 117 95 76 38 47 17 28 124 98 110 141 144 89 112 96 85 30 112 72 113 17 0 59 124 3 124 28 6 3 47 24 93 14 30 82 144 83 107 21 150 57 86 75 54 49 10 51 40 31 45 28 117 120 7 69 65 34 88 14 123 44 58 134 30 157 139 120 6 71 130 129 72 69 116 30 25 64 89 132 71 66 75 3 92 65 69 25 148 85 27 31 75 58 110 38 137 117 42 8 69 148 57 116 17 74 151 28 48 144 58 78 124 3 139 21 150 124 57 110 116 45 95 88 71 66 133 156 4 81 81 102 116 54 103 122 140 35 88 85 72 153 3 93 139 28 115 28 86 34 65 1 49 107 71 44 48 8 107 7 44 47 102 40 71 95 71 88 95 8 140 11 58 110 35 69 30 82 11 120 55 150 17 23 21 123 89 112 47 127 17 13 52 78 95 11 71 102 78 25 124 20 75 6 81 10 150
137 115 191 68 38 27 86 133 95 72 120 17 64 13 175 163 57 120 123 54 55 81 58 141 127 11 83 171 58 66 69 69 0 24 129 7 33 150 28 3 112 51 76 24 31 51 136 99 78 130 140 17 164 68 180 164 79 122 75 173 96 4 184 44 113 42 88 10 76 181 31 88 21 81 30 99 157 45 83 69 55 134 52 136 24 41 7 52 192 107 124 132 72 21 44 57 75 40 25 113 74 78 79 4 20 51 34 74 85 11 148 1 45 45 47 48 25 146 107 116 52 41 55 28 180 72 75 158 42 27 16 40 181 3 182 52 69 10 55 72 194 98 64 72 23 45 24 55 40 151 75 14 177 48 81 126 156 6 16 20 79 18 30 38 24 41 48 51 62 0 4 35 18 55 192 113 127 65 99 88 69 51 75 1 61 59 3 139 185 40 95 6 20 62 140 136 6 72 161 134 139 95 79 154 42 38 6 11 180 107 68 48 112 78 0 79 126 185 86 4 82 98 21 75 127 147 55 66 69 48 81 194 126 180 47 115 164 157 140 3 64 86 74 11 11 33 47 123 173 191 71 34 157 154 141 83 72 24 69 41 184 98 17 103 4 71 119 177 140 25 117 61 177 62 25 116 171 30 1 25 140 157 25 61 71 58 11 180 105 0 99 13 81 51 14 81 52 47 48 54 158 181 116 58 52 57 17 8 25 58 140 171 147 95 55 49 6 75 150 79 81
113 91 167 44 62 3 62 109 71 48 96 41 88 37 151 139 33 96 99 30 31 105 34 117 103 35 59 147 34 42 45 45 24 0 105 31 57 126 52 21 88 75 52 48 55 75 112 75 102 106 116 7 140 44 156 140 103 98 99 148 72 28 160 68 89 66 112 14 100 157 7 64 45 57 6 75 133 21 59 93 31 110 76 112 0 65 31 76 168 83 100 107 96 45 68 81 99 64 49 89 49 102 103 28 4 75 10 49 61 13 124 23 21 21 23 72 49 122 83 92 28 17 79 52 156 96 99 134 66 51 40 16 157 27 158 28 45 14 79 48 170 74 40 48 1 21 48 31 16 127 99 38 153 24 105 102 132 30 8 4 55 6 6 14 0 17 72 75 38 24 20 11 42 31 168 89 103 89 75 112 93 75 51 25 85 83 27 115 161 16 71 18 44 86 116 112 30 48 137 110 115 71 103 130 18 14 30 13 156 83 92 72 88 54 24 103 102 161 62 28 106 74 3 99 103 123 79 42 93 24 105 170 102 156 71 91 140 133 116 21 88 110 49 35 35 57 71 99 148 167 95 10 133 130 117 107 48 48 93 17 160 74 41 79 20 47 95 153 116 1 93 37 153 38 1 92 147 6 25 49 116 133 49 37 95 34 13 156 81 24 75 37 57 75 10 105 28 23 24 78 134 157 92 82 28 33 7 33 49 34 116 147 123 71 79 25 30 51 126 55 105
8 14 62 61 167 102 42 4 34 57 8 146 192 141 47 34 72 8 6 75 74 209 71 13 1 140 45 42 71 62 59 59 129 105 0 136 161 21 157 126 17 180 52 153 160 180 7 30 206 1 11 112 35 61 51 35 208 7 204 44 33 133 55 173 16 171 216 119 205 52 98 41 150 48 99 30 28 83 45 198 74 6 181 7 105 170 136 181 64 21 4 3 201 150 173 185 204 168 154 16 55 206 208 133 109 180 95 55 44 117 20 127 83 83 82 177 154 17 21 13 76 88 184 157 51 201 204 30 171 156 144 89 52 132 54 76 59 119 184 57 65 31 65 57 106 83 153 74 89 23 204 143 48 81 209 3 27 134 113 109 49 110 99 91 105 88 177 180 66 129 124 93 147 74 64 16 1 194 30 216 198 180 54 130 190 188 132 10 57 89 34 123 148 191 11 7 134 57 33 6 10 34 208 25 86 91 134 117 51 21 197 177 17 51 129 208 3 57 42 133 211 31 107 204 1 18 184 62 198 81 209 65 3 51 175 14 35 28 11 126 192 215 55 140 140 161 175 6 44 62 199 95 28 25 13 212 57 153 198 88 55 31 146 25 124 58 10 48 11 103 11 68 48 66 103 13 42 99 130 154 11 28 154 68 199 71 117 51 24 129 30 141 48 180 115 209 76 82 81 182 30 52 13 187 76 72 112 137 154 71 11 42 18 34 184 79 134 54 21 49 209
144 122 198 75 31 34 93 140 102 79 127 10 57 6 182 170 64 127 130 61 62 74 65 148 134 4 91 178 65 74 76 76 7 31 136 0 25 157 21 10 119 44 83 17 24 44 143 106 71 137 147 24 171 75 187 171 72 129 68 180 103 3 191 37 120 35 81 17 69 188 38 95 14 88 37 106 164 52 91 62 62 141 45 143 31 34 0 45 199 115 132 139 65 14 37 49 68 33 18 120 81 71 72 3 27 44 41 81 92 18 156 8 52 52 54 41 18 153 115 123 59 48 48 21 187 65 68 165 35 20 8 47 188 4 190 59 76 17 48 79 201 105 71 79 30 52 17 62 47 158 68 7 184 55 74 133 163 1 23 27 86 25 37 45 31 48 41 44 69 7 11 42 11 62 199 120 134 58 106 81 62 44 82 6 54 52 4 146 192 47 102 13 13 55 147 143 1 79 168 141 146 102 72 161 49 45 1 18 187 115 61 41 119 85 7 72 133 192 93 3 75 105 28 68 134 154 48 74 62 55 74 201 133 187 40 122 171 164 147 10 57 79 81 4 4 25 40 130 180 198 64 41 164 161 148 76 79 17 62 48 191 105 10 110 11 78 126 184 147 33 124 68 184 69 33 123 178 37 6 18 147 164 18 68 64 65 18 187 112 7 106 6 88 44 21 74 59 54 55 47 165 188 123 51 59 64 24 1 18 65 147 178 154 102 48 57 1 82 157 86 74
170 147 223 100 6 59 119 165 127 105 153 16 31 20 208 195 89 153 156 86 88 48 91 174 160 21 116 204 91 99 102 102 33 57 161 25 0 182 4 35 144 18 109 8 1 18 168 132 45 163 173 49 197 100 212 197 47 154 42 205 129 28 216 11 146 10 55 42 44 214 64 120 11 113 62 132 190 78 116 37 88 167 20 168 57 8 25 20 225 140 157 164 40 11 11 24 42 7 7 146 106 45 47 28 52 18 66 106 117 44 181 34 78 78 79 16 7 178 140 148 85 74 23 4 212 40 42 191 10 6 17 72 214 30 215 85 102 42 23 105 226 130 96 105 55 78 8 88 72 184 42 18 209 81 48 158 188 27 48 52 112 51 62 71 57 74 16 18 95 33 37 68 14 88 225 146 160 33 132 55 37 18 107 31 28 27 30 171 218 72 127 38 13 30 173 168 27 105 194 167 171 127 47 187 75 71 27 44 212 140 35 16 144 110 33 47 158 218 119 28 49 130 54 42 160 180 23 99 37 81 48 226 158 212 14 147 197 190 173 35 31 54 106 21 21 0 14 156 205 223 38 66 190 187 174 51 105 8 37 74 216 130 16 136 37 103 151 209 173 58 150 93 209 95 58 148 204 62 31 7 173 190 7 93 38 91 44 212 137 33 132 20 113 18 47 48 85 79 81 21 191 214 148 25 85 89 49 24 7 91 173 204 180 127 23 82 27 107 182 112 48
